% # columns="iteration, evaluation, sigma, axis ratio, bestever, best, median, worst objective function value, further objective values of best", seed=1101558, Tue Mar 13 16:10:53 2018, <python>{}</python>
1 12 0.977233327903 1.00004666776 197.996231553 1.9799623155349389e+02 638018.272325 5521849.90136   
2 24 0.990320450902 1.17549131096 197.996231553 3.7266329649921169e+05 1022779.64273 2379555.19907   
3 36 0.992671279944 1.22908110995 197.996231553 2.5392604104591660e+03 599619.189334 4207889.44777   
4 48 1.04530906323 1.29946257587 59.8128069721 5.9812806972100418e+01 285931.871956 3031054.25031   
5 60 1.03408970141 1.39014778194 59.8128069721 1.0881768588276498e+02 348428.157437 4870590.60874   
6 72 0.995044605675 1.47584839508 55.0742245372 5.5074224537221028e+01 432505.328585 1333020.95579   
7 84 1.01132619293 1.51348894585 55.0742245372 8.6254119887960735e+02 218800.504072 1253392.46912   
8 96 1.01725621007 1.59277711532 55.0742245372 1.6971443559562422e+03 224238.662056 1726720.12876   
9 108 1.05486421939 1.61538187844 55.0742245372 2.4153710833371250e+02 314463.273375 2996993.29608   
10 120 1.08853588244 1.6880224235 55.0742245372 1.4121724136472997e+03 523093.15325 4532810.73778   
11 132 1.0940059114 1.75081109106 55.0742245372 1.9568836153262495e+04 724641.357399 2526920.12369   
12 144 1.11557379654 1.79264473523 55.0742245372 1.4351269640922681e+02 315153.268361 3004374.07271   
13 156 1.11267597016 1.82298946168 55.0742245372 1.3688693896701578e+04 441531.624091 3403127.9997   
14 168 1.03259953932 1.88243233614 55.0742245372 5.8758837140942444e+04 494188.733572 1401516.62861   
15 180 1.01173242712 1.89558435862 55.0742245372 4.0693810620543145e+03 683557.772321 2244181.01063   
16 192 0.96330184895 1.96606655455 55.0742245372 2.6442179948067837e+02 178395.653877 3052079.29176   
17 204 0.918654167692 2.02055523307 55.0742245372 6.4467877472115651e+03 197964.079778 1201422.47384   
18 216 0.899944246939 2.04265711746 55.0742245372 5.5498573461827630e+02 539555.661905 1447169.58692   
19 228 0.88776578661 2.06475270495 55.0742245372 3.6255513795917403e+04 355064.249365 2249127.15293   
20 240 0.861067532044 2.12594978925 55.0742245372 3.1209480583892764e+03 580473.956401 1280079.5441   
21 252 0.85150551526 2.15754718657 55.0742245372 7.5438473324104302e+02 275992.933143 714717.418334   
22 264 0.847580074612 2.17900871788 55.0742245372 2.1517470706129046e+02 90120.6337101 759250.184903   
23 276 0.870641472411 2.21999245181 55.0742245372 1.0755773211526916e+02 25656.3280983 589566.790469   
24 288 0.835083663836 2.23477970666 55.0742245372 1.3047223421843508e+04 380131.034395 1402775.72483   
25 300 0.81875941484 2.28343028188 55.0742245372 1.4171031967301209e+02 71194.5088535 327050.386839   
26 312 0.80631936164 2.31812427005 55.0742245372 1.7204919312649240e+03 46295.3235468 152127.089966   
27 324 0.800537524509 2.35950381903 55.0742245372 5.2787738521048796e+03 161524.535362 1273123.268   
28 336 0.828115536346 2.40961412241 55.0742245372 5.4513597364015668e+03 215160.714194 1865444.8794   
29 348 0.802031986708 2.55651787699 55.0742245372 1.2607349396262111e+03 71466.296163 237570.307788   
30 360 0.754659474121 2.61440391206 55.0742245372 6.7023346002244310e+01 78618.6144462 748754.973972   
31 372 0.683003002274 2.69415090799 55.0742245372 1.4445628929516164e+02 14461.7818057 781097.31276   
32 384 0.6723370317 2.75319612402 55.0742245372 9.3488403571867650e+01 85705.8747287 823153.857726   
33 396 0.663500972496 2.88829730953 55.0742245372 1.0948706854093317e+02 82596.2716624 634481.560394   
34 408 0.671963221401 2.98119083303 55.0742245372 7.6567966822060228e+01 36640.9280542 165315.31821   
35 420 0.664480743319 3.08448644659 55.0742245372 1.5729852496287401e+02 38599.6293231 494294.005182   
36 432 0.638586358855 3.16628418332 55.0742245372 1.3370029575905480e+03 135361.376778 312425.550262   
37 444 0.607513132829 3.23312508383 55.0742245372 7.8841458207452021e+01 46448.1626125 270272.925059   
38 456 0.578860686173 3.35052366064 55.0742245372 1.2489868946044223e+03 21879.0473189 149245.018088   
39 468 0.577884576767 3.39916378523 55.0742245372 1.5411918059832608e+03 21139.5913466 134302.83507   
40 480 0.586162064717 3.49100796618 55.0742245372 6.4793782305183026e+02 31855.0547358 257754.055459   
41 492 0.569332114115 3.58667108215 55.0742245372 9.5307675838607864e+01 2731.63481537 179591.758008   
42 504 0.564094820839 3.66545675456 55.0742245372 8.2952979967616432e+02 31960.6790915 89648.6781157   
43 516 0.561282575903 3.7818976104 55.0742245372 1.0860958808390274e+02 27807.7820271 115976.427559   
44 528 0.529825930278 3.89831624296 55.0742245372 2.3339463870054929e+03 13749.5171788 217716.21642   
45 540 0.522071409836 4.05734656893 55.0742245372 9.4570913096611392e+01 4106.33529509 173514.065174   
46 552 0.518281270922 4.15566458416 55.0742245372 2.1880916198827239e+02 6003.1642784 92931.9644965   
47 564 0.499478310095 4.14827948596 55.0742245372 1.8570442671310300e+03 19871.1430957 52075.0600031   
48 576 0.532488734878 4.19935482699 55.0742245372 1.4790807990468863e+02 14039.5250258 251748.634505   
49 588 0.543867561655 4.63288787952 55.0742245372 4.1399169458239758e+03 16139.9490194 69311.4419071   
50 600 0.536651581221 4.77385370664 55.0742245372 1.6386876954102841e+03 22415.7827652 136509.631855   
51 612 0.510839174099 4.9755613643 55.0742245372 6.3808433072749551e+02 16850.8577599 118204.959724   
52 624 0.50709103944 5.19724752181 55.0742245372 9.4079909177039880e+01 11497.9859684 163865.044429   
53 636 0.531083874122 5.63891255727 55.0742245372 1.6702046739894871e+02 31308.0447219 129784.450087   
54 648 0.537951696902 5.7771871975 55.0742245372 9.8487039994359009e+02 7204.4950786 124418.824621   
55 660 0.560893113759 5.99618312227 55.0742245372 9.0151948765253735e+01 25703.4758825 175090.771999   
56 672 0.583603242401 6.18915553553 55.0742245372 1.7568070240157388e+02 41213.1300468 67110.4499567   
57 684 0.566865688868 6.34371500408 55.0742245372 8.0034492770683471e+01 8469.69415078 79090.6326047   
58 696 0.540408778217 6.3862891869 55.0742245372 5.1877985732336242e+02 11306.5336362 127544.658296   
59 708 0.543069724565 6.74180836102 55.0742245372 1.5874086543808153e+03 45050.4447205 100971.861697   
60 720 0.557122876173 6.97944211081 55.0742245372 2.1917187807786377e+02 6805.03362747 97008.3538732   
61 732 0.522368266503 7.25664445749 55.0742245372 3.8402757524642516e+02 3474.68269179 32912.2433207   
62 744 0.494934887208 7.39923391311 55.0742245372 1.1914324116772363e+02 11015.2600952 64330.0668719   
63 756 0.483744616602 7.54273983513 55.0742245372 1.0170637961116861e+02 8825.74552689 81499.2274469   
64 768 0.487872377683 8.0126883002 55.0742245372 1.4901091426468759e+02 5359.95313673 47405.4990795   
65 780 0.483061195335 8.36417711578 55.0742245372 1.2759625225028708e+02 3660.67939336 54727.0473313   
66 792 0.488308221502 8.78951775633 55.0742245372 3.0451157722512062e+02 9290.36969221 27157.2720678   
67 804 0.469189135802 8.97128220912 55.0742245372 1.3012040406425621e+02 3320.41935 55871.4776205   
68 816 0.470236090053 9.13305710456 55.0742245372 1.1248270048927715e+02 2001.95755502 30799.3183219   
69 828 0.45977503482 9.36123484401 55.0742245372 3.5989043607260390e+02 11031.2139576 47822.0859038   
70 840 0.441195745866 9.6346867448 55.0742245372 1.3434608386685258e+02 4671.28784155 16960.2475715   
71 852 0.420052561101 9.80090606738 55.0742245372 1.3594511928005912e+02 5709.75106933 27892.0397992   
72 864 0.39777309903 10.1937400137 55.0742245372 2.2318424477500719e+02 3302.4497034 18809.0803824   
73 876 0.380508352368 10.4292178088 55.0742245372 1.2090846482857064e+02 2759.16792284 14132.6667634   
74 888 0.354021513027 10.7722653872 55.0742245372 1.3626324693059800e+02 2571.54409534 19487.7949099   
75 900 0.355884734065 11.0442972491 55.0742245372 1.5073070387547563e+02 1284.72228789 11845.8151599   
76 912 0.345823956031 11.2868106554 55.0742245372 1.1499736409317916e+02 2404.53239532 17052.6943392   
77 924 0.334069953205 11.4953395252 55.0742245372 1.7624990190720442e+02 1829.9839905 18074.8602746   
78 936 0.320260724218 12.0706117487 55.0742245372 1.4344502709247246e+02 1524.77748612 7201.70986443   
79 948 0.329309331161 12.351636297 55.0742245372 1.3579123972668705e+02 2197.23565428 5984.74472197   
80 960 0.333470270946 12.672835086 55.0742245372 2.4346204484333703e+02 919.509269469 3449.01419206   
81 972 0.342352147153 12.9909665495 55.0742245372 4.0531822589312344e+02 2298.60082429 23545.3886311   
82 984 0.356412950054 13.7195861374 55.0742245372 1.8721428575891485e+02 3879.83317347 18954.526074   
83 996 0.363360911876 14.1232449902 55.0742245372 3.7317426599657318e+02 1749.85882264 7717.66522069   
84 1008 0.370024788324 14.4773185656 55.0742245372 1.4337055006586382e+02 686.084538329 4635.51086921   
85 1020 0.34811696414 14.8418824889 55.0742245372 3.0803968272005170e+02 2184.75968374 6537.37164007   
86 1032 0.331465677758 14.8916743294 55.0742245372 1.3222501611645973e+02 1373.86435341 8088.86349538   
87 1044 0.32756521998 15.2767333857 55.0742245372 1.2418865584933789e+02 358.573830028 2860.43459898   
88 1056 0.319465953082 15.4081354657 55.0742245372 1.3208187635866008e+02 883.451376103 3226.12786793   
89 1068 0.327147533474 15.8901220971 55.0742245372 1.0623400709345475e+02 416.051816038 1324.09479389   
90 1080 0.346278435193 15.9887649389 55.0742245372 1.3324441605189614e+02 2506.57293711 7076.80714479   
91 1092 0.350698385032 16.5002787129 55.0742245372 1.0946610406608504e+02 631.807134762 5953.45887689   
92 1104 0.354876313001 16.8951421821 55.0742245372 1.3521926085449638e+02 1349.45156046 5514.39690399   
93 1116 0.380482155656 17.6104052857 55.0742245372 1.5953551359156509e+02 1166.39776348 4994.99413571   
94 1128 0.401072136633 17.9454604015 55.0742245372 1.3443575466704471e+02 893.467563085 6026.84618816   
95 1140 0.397709626552 18.5939156776 55.0742245372 9.8860355382153557e+01 541.312360636 3241.66032324   
96 1152 0.394366330199 18.623136733 55.0742245372 1.1338099845011135e+02 591.428305436 2828.37023066   
97 1164 0.398505553832 18.4437342597 55.0742245372 1.5503359526291112e+02 1630.10505288 6026.24365785   
98 1176 0.381783221205 19.2235471774 55.0742245372 1.2498401960287579e+02 1196.0818478 8489.91185933   
99 1188 0.346711001523 20.0944919455 55.0742245372 1.2630651794597310e+02 2220.61003305 7210.65809916   
100 1200 0.318526882638 21.0512196328 55.0742245372 1.1477728889325930e+02 360.346994295 2863.20676528   
101 1212 0.295417569842 21.2944147235 55.0742245372 1.2845219588196585e+02 531.626867591 3413.02784374   
102 1224 0.275364066063 22.095232416 55.0742245372 1.3517436301764107e+02 723.805196277 2336.06758909   
103 1236 0.277836264278 22.3347899018 55.0742245372 1.1613323249387052e+02 326.752849234 1473.19680468   
104 1248 0.297490561109 23.1804331823 55.0742245372 1.1775606178784849e+02 354.736971215 1488.18628075   
105 1260 0.30877710141 23.4249874692 55.0742245372 1.2344090459822708e+02 521.703505824 2929.50284833   
106 1272 0.327617557739 24.3369764911 55.0742245372 1.2248684437063049e+02 856.004033135 2218.35723564   
107 1284 0.332283868533 25.1543901298 55.0742245372 1.1140515329041330e+02 428.249913873 2872.94943748   
108 1296 0.342659958576 25.7315031692 55.0742245372 1.1704333087691299e+02 491.135593811 1328.4175125   
109 1308 0.350680107291 27.2636557368 55.0742245372 1.1294981693287147e+02 421.566941808 3193.2698267   
110 1320 0.356696432334 28.3042957015 55.0742245372 1.2201972185840353e+02 319.345811877 1340.6082574   
111 1332 0.382208585862 29.4460001113 55.0742245372 1.2597684226402373e+02 594.647822971 1152.90632036   
112 1344 0.37302260223 29.2445367068 55.0742245372 1.1579173369914577e+02 1045.1802791 3322.97249329   
113 1356 0.366671614866 30.1440680708 55.0742245372 1.1086122223927440e+02 934.058294348 3831.31054297   
114 1368 0.366562424271 31.3709912361 55.0742245372 1.7168120013352748e+02 590.609686794 3666.49766743   
115 1380 0.340544674049 32.3906396297 55.0742245372 9.2510343698681766e+01 250.536480324 744.543444154   
116 1392 0.318546934346 33.0271317105 55.0742245372 1.0365786813407360e+02 382.401080302 3622.43771979   
117 1404 0.312230341156 33.7521725102 55.0742245372 9.6747997053099255e+01 299.974420736 3416.29197049   
118 1416 0.313865762812 35.2529844559 55.0742245372 9.4743778644811968e+01 407.626645482 1007.18024939   
119 1428 0.308663086848 35.7264377112 55.0742245372 9.9175512924731095e+01 344.874306423 1337.62300292   
120 1440 0.299099888659 36.8343675988 55.0742245372 9.3955148608987983e+01 175.676995243 671.53281082   
121 1452 0.282633072394 38.1526559851 55.0742245372 1.0662717366246711e+02 504.16865331 880.170806262   
122 1464 0.259272466662 39.4034933943 55.0742245372 1.0127907071607687e+02 256.543897411 829.668162363   
123 1476 0.242692314955 40.0946424797 55.0742245372 9.7130110177725641e+01 139.183438502 765.281794887   
124 1488 0.240348698962 40.7054703423 55.0742245372 8.5772172548249330e+01 110.419262813 344.532979045   
125 1500 0.247698998512 40.188738979 55.0742245372 8.7896325007395575e+01 208.051255641 703.525070623   
126 1512 0.272713890488 41.9860358623 55.0742245372 7.4493679490671326e+01 128.065256085 502.805307831   
127 1524 0.281875064682 42.4909928708 55.0742245372 7.9480012452090961e+01 208.485023511 740.752745131   
128 1536 0.291540700677 43.0470339796 55.0742245372 8.3394190931157979e+01 126.127705481 746.672433372   
129 1548 0.301035109498 43.8995865152 55.0742245372 7.7698926943286267e+01 134.99721851 923.759562419   
130 1560 0.320522143478 44.8060164627 55.0742245372 8.2471264889120391e+01 158.905391535 725.111122595   
131 1572 0.338318162839 44.7418297184 55.0742245372 8.2888213251437477e+01 181.712555409 452.959261317   
132 1584 0.348652144307 44.6097276285 55.0742245372 7.5414058687002395e+01 113.108387582 1499.42506462   
133 1596 0.335245647271 46.3309538263 55.0742245372 8.7752201724003328e+01 344.942165833 512.076984141   
134 1608 0.328728293295 47.0739256993 55.0742245372 8.1093411143203326e+01 263.211087101 1447.32352796   
135 1620 0.32352689837 48.8988428731 55.0742245372 8.5984774204265719e+01 150.964750725 307.016581772   
136 1632 0.336665370038 50.8990139405 55.0742245372 9.9350488156360612e+01 210.961885653 709.038852946   
137 1644 0.338588052641 54.6118578777 55.0742245372 7.5226824638858801e+01 124.552586167 944.667758127   
138 1656 0.321962062399 58.2662036722 55.0742245372 6.7518134230183122e+01 121.089198664 408.603142709   
139 1668 0.30525245309 60.6956442981 55.0742245372 6.7095051506061949e+01 113.357919373 407.039826509   
140 1680 0.287797913092 61.1806441949 55.0742245372 6.7452997667228018e+01 89.7251828718 408.325234134   
141 1692 0.272888245533 61.4599557666 55.0742245372 6.3140474658488166e+01 106.723328363 353.701869206   
142 1704 0.262929998557 62.9510794243 55.0742245372 6.0156485370610000e+01 72.1722457985 378.806762262   
143 1716 0.270784693408 64.6730337596 55.0742245372 5.8428229307756602e+01 134.463911141 596.71095253   
144 1728 0.278124700691 67.2878990049 55.0742245372 6.8723272764328371e+01 108.342896976 374.513710862   
145 1740 0.291370970539 68.5534062976 55.0742245372 5.6704999123060638e+01 158.707859486 213.321185058   
146 1752 0.286814804685 69.0031248357 55.0742245372 6.8301415999714180e+01 177.48012857 377.570539471   
147 1764 0.278320336903 70.9128172494 55.0742245372 5.5633956792415049e+01 168.422694358 408.872393907   
148 1776 0.264945367379 73.22093109 55.0742245372 5.9825611866857109e+01 123.961134884 449.401630501   
149 1788 0.259216297846 75.1318832702 55.0742245372 5.9597959281156108e+01 83.6607442634 321.138372884   
150 1800 0.263627150547 76.492414354 50.7649858044 5.0764985804446191e+01 77.9225365608 165.2769862   
151 1812 0.255499044363 76.4120219642 50.7649858044 5.5399486827060748e+01 79.677765733 171.06800565   
152 1824 0.2497308988 77.3062375639 48.9401632898 4.8940163289822415e+01 125.635333127 331.821104244   
153 1836 0.24104276291 81.3651960029 48.9401632898 5.1122619416936459e+01 58.3646429068 98.3509983249   
154 1848 0.231422480469 81.1362435504 43.2989864293 4.3298986429258292e+01 57.62528262 197.482199249   
155 1860 0.233347928099 83.3020559257 43.2989864293 4.6331837891288643e+01 74.3312695757 239.616109771   
156 1872 0.243735571783 86.8622663949 36.9212354363 3.6921235436298218e+01 71.1701318637 200.10535117   
157 1884 0.23329885278 89.3035448944 36.9212354363 4.4301295001527649e+01 81.9045699343 161.218278598   
158 1896 0.233959675364 91.7152910276 36.9212354363 3.9502155713911137e+01 56.2549612751 325.970085614   
159 1908 0.237838588893 94.5338521412 36.9212354363 3.8154482539767969e+01 63.1241267367 172.386706778   
160 1920 0.240490171495 95.499603661 36.9212354363 3.9159013525929552e+01 65.9529031768 113.199293618   
161 1932 0.239384259194 98.6971059646 36.7707730093 3.6770773009304165e+01 54.6643288888 134.579777174   
162 1944 0.245951181015 100.933473848 36.7707730093 3.7938286412940244e+01 55.2382842269 237.69133309   
163 1956 0.246663318114 103.965020292 36.7707730093 4.0748202450210613e+01 69.1137908054 117.566925046   
164 1968 0.265541951812 105.762713171 36.7707730093 3.7984460882308682e+01 60.6107560685 404.52132823   
165 1980 0.271112322372 110.931214422 31.6643818961 3.1664381896140355e+01 49.1806129789 90.1643974987   
166 1992 0.29134799225 112.872652116 31.6643818961 3.3666111148882351e+01 42.1544377878 216.943139582   
167 2004 0.316175672499 115.357331417 27.815376125 2.7815376125049802e+01 43.2322210982 162.066276599   
168 2016 0.366570543025 118.847144529 25.0059057934 2.5005905793407514e+01 42.083378689 118.806337449   
169 2028 0.403747254495 119.886472548 23.6807295695 2.3680729569489525e+01 80.8353962185 370.342910958   
170 2040 0.431428979884 126.340122415 23.6807295695 2.6840357101728181e+01 75.3406198266 345.577517382   
171 2052 0.436427881122 128.789038588 21.7165829012 2.1716582901150968e+01 49.2176954704 161.881936158   
172 2064 0.422915997168 131.498280018 21.7165829012 2.4211622643863763e+01 80.392819496 209.811310305   
173 2076 0.420637103682 135.145123645 17.4650944358 1.7465094435821104e+01 33.2253030671 149.340490443   
174 2088 0.431479065425 135.795531939 17.4650944358 1.8005729209800634e+01 49.3139585269 330.84793127   
175 2100 0.43261575796 141.914864905 13.5479870187 1.3547987018721878e+01 38.3674025022 446.133370426   
176 2112 0.440212182995 148.587161676 13.533510985 1.3533510984993718e+01 29.6887966452 463.613127054   
177 2124 0.43289221546 154.662828026 13.533510985 1.8219478705017053e+01 47.0225668562 144.795174807   
178 2136 0.419313206896 159.808545682 13.533510985 1.9206615903605794e+01 44.863215736 100.234988349   
179 2148 0.409819060093 163.898620864 13.533510985 2.5682713907010822e+01 36.5462865186 115.651589018   
180 2160 0.414966679229 167.321431014 13.533510985 2.2710742120865405e+01 35.9455638223 110.270727649   
181 2172 0.387694271416 168.581224808 13.533510985 1.6603594010727072e+01 41.9410556115 288.957045574   
182 2184 0.372675715394 172.005944642 13.533510985 1.4399973198748603e+01 30.0337571396 71.8704523723   
183 2196 0.367224741159 175.60312198 10.8204001323 1.0820400132252953e+01 36.5085751551 85.5466714569   
184 2208 0.360010577797 178.758324666 9.2916899319 9.2916899319036261e+00 21.8999910681 53.9060699641   
185 2220 0.357415149959 181.073752623 9.2916899319 1.2062878631280118e+01 36.9436568635 134.092567302   
186 2232 0.362485417603 188.159128192 9.2916899319 1.0972098348366902e+01 21.8725111986 52.8227521688   
187 2244 0.369954424146 190.770303297 9.2916899319 1.1876765162549738e+01 18.5276645263 47.1898191977   
188 2256 0.37120950914 192.477554576 9.2916899319 1.5990571913067082e+01 32.9371475245 122.724563255   
189 2268 0.345803379145 204.07552171 9.2916899319 1.2850004288849952e+01 27.3399367326 90.7584693656   
190 2280 0.332767170756 206.845431698 9.2916899319 1.4557191317114599e+01 23.3801681396 34.3015497267   
191 2292 0.306021361873 210.723990904 9.2916899319 1.1110855964510069e+01 20.7373522303 84.1841656708   
192 2304 0.293057250481 217.272236336 8.25785830443 8.2578583044257936e+00 13.0992169677 21.1213328046   
193 2316 0.280328563553 217.801565714 7.68307634104 7.6830763410378466e+00 19.6475945239 43.0189097334   
194 2328 0.284202114838 224.257869073 7.09101800215 7.0910180021504079e+00 12.2416189956 23.4475307056   
195 2340 0.291735350293 225.463383851 7.09101800215 8.1053067215618952e+00 11.1735308863 24.6411146971   
196 2352 0.275112592186 226.598883569 7.09101800215 9.6507480237967851e+00 14.1022421929 59.1580843665   
197 2364 0.257777449751 231.861583624 7.09101800215 8.6685296570059052e+00 11.282030008 18.3213210182   
198 2376 0.231604897294 232.031880911 7.09101800215 7.3559059742477393e+00 13.4480630537 36.546263144   
199 2388 0.213882427548 238.429936236 7.09101800215 8.3184715189723182e+00 13.8158868755 21.8176132241   
200 2400 0.190371946081 240.932611152 7.09101800215 7.9016471129382158e+00 13.6590476094 24.1594232392   
201 2412 0.187550159461 245.979844752 7.09101800215 7.9116068347504225e+00 12.8062365837 15.266344979   
202 2424 0.185274269295 253.957479745 6.87636916529 6.8763691652885397e+00 9.78485583654 16.3053648798   
203 2436 0.186322966577 256.731757254 5.33116543376 5.3311654337614813e+00 8.12966306123 22.4021942569   
204 2448 0.191385832709 266.101542386 5.33116543376 5.4635687750127406e+00 7.99302625723 21.3556785432   
205 2460 0.19335532547 269.32073858 5.02908276839 5.0290827683877399e+00 7.76241496634 9.95240557156   
206 2472 0.193515238893 276.891308025 4.96603677303 4.9660367730315693e+00 6.37931624111 18.2262139831   
207 2484 0.198829776028 280.962578559 4.80193076356 4.8019307635632353e+00 8.63342604339 22.516230514   
208 2496 0.197725763798 292.312263783 4.46782207933 4.4678220793310786e+00 6.00834297707 12.4673556677   
209 2508 0.189433030456 301.640180895 4.46782207933 5.3056666738686173e+00 6.43121289424 12.8195688047   
210 2520 0.193596392034 303.815564667 4.46782207933 4.5145029308461009e+00 7.45617397165 10.0904122417   
211 2532 0.187375954095 307.688939709 4.46782207933 4.7985663883052334e+00 7.34172052002 21.6742841651   
212 2544 0.184803806674 323.105060082 4.46782207933 4.7120827521339601e+00 5.110570592 8.69399746578   
213 2556 0.183367769562 325.804991088 3.96844081222 3.9684408122191686e+00 6.47016240852 11.0272292986   
214 2568 0.18070531473 332.326789986 3.91535656922 3.9153565692195347e+00 4.89352767478 17.7325670859   
215 2580 0.175228999483 339.385582616 3.51131962239 3.5113196223884793e+00 8.01080142047 10.398974114   
216 2592 0.17662159383 357.072787167 2.51067017995 2.5106701799536917e+00 4.40181553581 8.76787518772   
217 2604 0.184434041949 369.212072492 2.42660027224 2.4266002722356412e+00 4.44002491965 7.80674690085   
218 2616 0.186830339252 389.233560915 2.42660027224 2.6005592417295600e+00 3.60921730706 8.60349269686   
219 2628 0.183544254852 393.330813301 2.42660027224 2.5389800270145733e+00 3.96636368696 6.00399332421   
220 2640 0.172526575797 394.16942905 2.32114114225 2.3211411422457262e+00 4.95991171357 10.9828163587   
221 2652 0.161181252652 407.267723161 2.11245483446 2.1124548344627456e+00 3.21870378353 7.08118437516   
222 2664 0.157473693783 415.745911691 2.01835139798 2.0183513979823662e+00 2.84362165692 5.44171468774   
223 2676 0.15947411332 423.457262552 1.4278249882 1.4278249881977576e+00 2.75898293589 3.23123216594   
224 2688 0.162994813206 425.668503035 1.30675785013 1.3067578501262247e+00 2.62478854619 3.76758720503   
225 2700 0.172151564275 426.19210751 1.30675785013 1.7567327304793801e+00 2.56313835133 4.9471457741   
226 2712 0.166371839108 444.331054557 1.30675785013 1.5074161245184929e+00 2.59902293068 5.3130020731   
227 2724 0.154693162482 451.753359859 1.30675785013 1.3684212182319633e+00 1.93243816246 3.11819485444   
228 2736 0.15244804032 456.272873408 1.0930156525 1.0930156524969172e+00 1.90236661748 4.31295581788   
229 2748 0.148625116309 467.353833028 1.0930156525 1.2571914382852107e+00 1.98609803994 2.90513453346   
230 2760 0.147007529325 480.003280437 1.0930156525 1.2549908510131060e+00 1.83939187691 4.27521354638   
231 2772 0.141772437797 499.176114023 1.0930156525 1.2450752328695294e+00 1.70715216363 3.14374735036   
232 2784 0.149572609177 505.142300669 0.929024845856 9.2902484585562706e-01 1.26864770812 3.11677733272   
233 2796 0.151652381141 514.189236455 0.786612728126 7.8661272812601579e-01 1.08826862971 2.5069453689   
234 2808 0.148103434278 521.737671822 0.786612728126 8.7101885173667148e-01 1.33733898098 2.26865726789   
235 2820 0.136241712065 522.830644483 0.668002812691 6.6800281269126760e-01 1.43290908317 3.08925140049   
236 2832 0.130299202888 532.172272262 0.550663743578 5.5066374357818648e-01 1.13127804392 2.20275846643   
237 2844 0.126859559561 522.058062172 0.550663743578 6.0863017650844242e-01 0.994581683247 1.24773638489   
238 2856 0.129819408176 519.271904668 0.550663743578 6.7602864504032445e-01 0.925430582949 1.70486466039   
239 2868 0.126441883516 522.75250504 0.550663743578 6.0493462295006628e-01 0.984968103199 1.51478667383   
240 2880 0.127479038199 519.889424831 0.502787217569 5.0278721756882006e-01 0.753834246505 1.63235731935   
241 2892 0.127359689733 523.097855571 0.400022505218 4.0002250521817101e-01 0.935810292525 2.87687134765   
242 2904 0.125310523195 515.553102261 0.400022505218 5.4046454566621005e-01 0.795081360722 1.38407830493   
243 2916 0.124945473953 530.874652997 0.334290694475 3.3429069447517135e-01 0.559943977142 0.742516884212   
244 2928 0.124446835001 532.936645271 0.334290694475 4.1597899896871082e-01 0.572763222526 1.0650922478   
245 2940 0.122185990146 537.351895102 0.334290694475 3.4238171487642854e-01 0.706388988142 1.17891177419   
246 2952 0.111875997163 543.690072909 0.334290694475 3.7742951192901320e-01 0.656005877554 1.17239603066   
247 2964 0.103735895618 530.361283464 0.318445238252 3.1844523825210186e-01 0.70314385174 1.03500834846   
248 2976 0.100303869034 555.485212713 0.318445238252 4.1452230977451487e-01 0.590174172812 1.14672544983   
249 2988 0.101026869735 568.813352642 0.293106669423 2.9310666942333979e-01 0.524550497853 1.07546775957   
250 3000 0.100042733377 574.99403319 0.26445589981 2.6445589980950507e-01 0.450577211564 0.663936911434   
251 3012 0.102453975867 586.41830798 0.26445589981 2.7787124941539509e-01 0.394775740687 0.725598316718   
252 3024 0.0960049196543 581.101442579 0.221002140708 2.2100214070821833e-01 0.457165329625 0.711814922661   
253 3036 0.0957028589483 601.761276394 0.173390796831 1.7339079683069597e-01 0.387811732092 0.660224870603   
254 3048 0.0949164733644 603.404197984 0.173390796831 2.0023731209144410e-01 0.321656119066 0.771759529678   
255 3060 0.0941713560026 596.975027106 0.173390796831 1.9786164881965465e-01 0.335053029378 0.450705611235   
256 3072 0.0912639680514 595.967227605 0.173390796831 2.2798001938944981e-01 0.378865579971 0.540124462028   
257 3084 0.0915998941272 605.753134693 0.173390796831 1.8844766415906294e-01 0.296700244422 0.651235803135   
258 3096 0.0849199014113 615.365722848 0.173390796831 2.0755302089102284e-01 0.283773101423 0.518241660542   
259 3108 0.0833908787227 611.406789829 0.173234055047 1.7323405504700182e-01 0.226247979139 0.323713223224   
260 3120 0.0798701016308 608.226893014 0.124322928594 1.2432292859391396e-01 0.234435280017 0.399880522765   
261 3132 0.0816772251516 625.10088453 0.111232878016 1.1123287801550970e-01 0.224275250242 0.386501213101   
262 3144 0.082264757678 624.045146682 0.111232878016 1.3200168662805567e-01 0.198909343986 0.356437390063   
263 3156 0.0811944798746 634.838274398 0.111232878016 1.2616474324321086e-01 0.186848779221 0.282444000488   
264 3168 0.077649673423 624.324895199 0.0963521580658 9.6352158065763943e-02 0.191399780392 0.379364777283   
265 3180 0.079228785263 634.699600613 0.0696871729818 6.9687172981760512e-02 0.151151176673 0.477628692119   
266 3192 0.0807924731858 648.218941767 0.0696871729818 8.0698952764932400e-02 0.167084199984 0.32069317627   
267 3204 0.0800354732865 662.768488927 0.0392310314749 3.9231031474854149e-02 0.135029313475 0.273395830366   
268 3216 0.0848081426535 666.35913563 0.0392310314749 9.5174029204693089e-02 0.121873734536 0.309782727573   
269 3228 0.0845451582281 676.745767593 0.0392310314749 7.8733283601657975e-02 0.136369151058 0.22880608251   
270 3240 0.0821124169597 676.659292812 0.0392310314749 9.6586489914130935e-02 0.205025429368 0.282053439219   
271 3252 0.0741330396006 669.758091715 0.0392310314749 7.7984788625006393e-02 0.15671048061 0.317861842246   
272 3264 0.0733787239187 671.929912938 0.0392310314749 8.7545406005495721e-02 0.151142939044 0.185899609997   
273 3276 0.0751190065763 678.811686978 0.0392310314749 6.0534582097869195e-02 0.117895086605 0.347319825811   
274 3288 0.0724585895947 674.560426192 0.0392310314749 7.2063278452404136e-02 0.128779755217 0.184534471768   
275 3300 0.0697761410771 685.061346453 0.036992358285 3.6992358285026013e-02 0.115938638379 0.185122986271   
276 3312 0.0660588183954 699.554886072 0.036992358285 4.7823959478063040e-02 0.0754598023476 0.117020872697   
277 3324 0.0649180412294 696.26504643 0.0317859301619 3.1785930161863853e-02 0.077762745386 0.132296671079   
278 3336 0.0636022032694 690.143802708 0.0317859301619 4.1812518419365438e-02 0.108964351136 0.186214036205   
279 3348 0.0574932895538 689.84804128 0.018591283036 1.8591283036049344e-02 0.083700448793 0.161149877427   
280 3360 0.0534415630216 709.765513645 0.018591283036 2.2968094249143835e-02 0.0574037382294 0.0902645024315   
281 3372 0.049702720045 716.574365718 0.018591283036 2.0671074973207346e-02 0.0525387402833 0.0972190223235   
282 3384 0.0453431285803 721.217276358 0.018591283036 2.3833972094348801e-02 0.0438380228103 0.0771016310534   
283 3396 0.0416081125052 709.819608023 0.0145189561638 1.4518956163763891e-02 0.0446250874287 0.0734266767093   
284 3408 0.0414493289954 715.326521982 0.0145189561638 1.5425230420396022e-02 0.0277318810056 0.0595273574324   
285 3420 0.0420751910731 725.756754851 0.0145189561638 1.9931808565829445e-02 0.0315634163899 0.0591191853401   
286 3432 0.0397269812937 727.176023985 0.0145189561638 1.6375718745019391e-02 0.026055504665 0.0591305774272   
287 3444 0.0378812022213 718.08274411 0.0145189561638 1.6905616648019865e-02 0.0249296853295 0.0393366207784   
288 3456 0.0373630641094 724.21239986 0.0145189561638 1.6345910748942864e-02 0.0241234449278 0.0473360925219   
289 3468 0.0342785506066 731.4177235 0.0135029069164 1.3502906916399901e-02 0.025460811645 0.0440431224648   
290 3480 0.0332367975704 733.732980991 0.0135029069164 1.4253689138744792e-02 0.023860675221 0.0363126610452   
291 3492 0.0314096698686 731.504174028 0.0135029069164 1.6299850120172987e-02 0.0203563702174 0.0397374568961   
292 3504 0.029955526604 721.120407911 0.0128560182718 1.2856018271778269e-02 0.026584863819 0.0338847402945   
293 3516 0.0296618821209 718.388138074 0.00878433481104 8.7843348110369507e-03 0.0212517633129 0.047410048801   
294 3528 0.0288523593944 722.717444204 0.00465597173889 4.6559717388911731e-03 0.0195736460033 0.0302373502212   
295 3540 0.0285583967865 725.427313257 0.00465597173889 6.7215132815659174e-03 0.0148223439624 0.0193673037526   
296 3552 0.0288255532189 714.459648888 0.00465597173889 1.1758856333918499e-02 0.0158396668049 0.0258822546901   
297 3564 0.0281214113056 702.974752243 0.00465597173889 6.3585902697420047e-03 0.0131481497195 0.0263614081998   
298 3576 0.0280594276194 707.379384198 0.00465597173889 6.5490520820429962e-03 0.0136314091714 0.0171274375608   
299 3588 0.0289536776839 709.32327287 0.00465597173889 6.4744627182899989e-03 0.0131804186358 0.0253113028331   
300 3600 0.0297211859463 723.355491028 0.00465597173889 6.4911465380611960e-03 0.0119500025736 0.0222450406315   
301 3612 0.0299966054463 722.758254634 0.00465597173889 6.7507096291450248e-03 0.0117278839326 0.0167593736354   
302 3624 0.0299884901764 722.507769024 0.00465597173889 6.4150620861150630e-03 0.0122944950956 0.0212293621663   
303 3636 0.0282526794691 725.77462645 0.00465597173889 7.0461130236693084e-03 0.0137652573979 0.0259082951142   
304 3648 0.0256256156951 738.244169713 0.00453843747237 4.5384374723728997e-03 0.0126942768152 0.0254331994425   
305 3660 0.0241240015251 746.03942431 0.00453843747237 4.9904012771566789e-03 0.00931483785887 0.0163495166884   
306 3672 0.0216076745252 758.502762779 0.00408806173781 4.0880617378120480e-03 0.0098224357461 0.0131692061202   
307 3684 0.0205327689889 768.293034124 0.00408806173781 5.4973801742445186e-03 0.00740786388951 0.0120982522482   
308 3696 0.0200140355984 786.568651659 0.00408806173781 4.1035489952087239e-03 0.00650816555496 0.0113766978719   
309 3708 0.0193119223868 792.316576403 0.00408806173781 4.1280978668115200e-03 0.00671420961754 0.00899843028187   
310 3720 0.0193044512986 787.830672359 0.00258127819941 2.5812781994051757e-03 0.00618242313249 0.00987023056143   
311 3732 0.019619751201 788.94290451 0.00203266595425 2.0326659542540715e-03 0.00652995555603 0.00934366434239   
312 3744 0.0198563488201 790.731085566 0.00203266595425 3.1473883514059903e-03 0.00556173788218 0.00963525212272   
313 3756 0.0202685039819 807.894788518 0.00203266595425 3.7978041616581904e-03 0.00563987796894 0.0108056429869   
314 3768 0.0210472764823 801.620191486 0.00203266595425 3.2436817298998957e-03 0.00663619831138 0.0116786680896   
315 3780 0.0214617788984 808.028831826 0.00203266595425 2.9945994109458101e-03 0.00657016266751 0.00902821079409   
316 3792 0.0209887915805 825.799247371 0.00203266595425 3.2390854141162322e-03 0.00734594020078 0.0122302104439   
317 3804 0.0205254457653 840.254060927 0.00203266595425 3.0832739687040290e-03 0.00456251748172 0.00831565795438   
318 3816 0.0197775548572 837.703046033 0.00203266595425 2.0518491463221702e-03 0.00424622949382 0.0102262538849   
319 3828 0.0184127451727 864.367438244 0.00111778622899 1.1177862289938156e-03 0.00419973420479 0.00770898860634   
320 3840 0.017010124563 859.395541179 0.00111778622899 1.4733537614723441e-03 0.0040707192008 0.0052409619735   
321 3852 0.0162709894637 859.80875604 0.00111778622899 1.3043184875729350e-03 0.00360066360917 0.00466826013432   
322 3864 0.0152755743564 855.164005001 0.00111778622899 1.3135387089980291e-03 0.00246914406168 0.00403576822746   
323 3876 0.0137862768982 852.273720831 0.00111778622899 1.4076758871028646e-03 0.00305995793645 0.00361512829303   
324 3888 0.0122351707375 867.478063431 0.00111778622899 1.1346621344758565e-03 0.00180459339738 0.00339404434723   
325 3900 0.0114958288777 872.438816931 0.000545957138221 5.4595713822060685e-04 0.00144161378121 0.00331107388184   
326 3912 0.0108969398438 876.870180542 0.000545957138221 7.6392531225461750e-04 0.0012244441864 0.002196209497   
327 3924 0.0103882859536 876.354365067 0.000545957138221 6.6053696196590535e-04 0.00117888430184 0.0017597735459   
328 3936 0.0101759743172 890.198397944 0.000545957138221 6.5487686345589130e-04 0.00109803199148 0.00214070948944   
329 3948 0.00980263986278 907.356357778 0.000446906759489 4.4690675948901406e-04 0.00107971145433 0.00149651131153   
330 3960 0.00909673266481 910.123165495 0.000328305701031 3.2830570103078505e-04 0.000849353265452 0.00238507555684   
331 3972 0.00850095121864 910.978213959 0.000328305701031 5.8991246194610870e-04 0.00106860925332 0.00161474705125   
332 3984 0.00780432255072 908.636881657 0.00027039607732 2.7039607732046774e-04 0.000629571021064 0.00119021840313   
333 3996 0.00703887221099 907.593766423 0.00027039607732 2.7290994376814669e-04 0.000739236892643 0.00114894493733   
334 4008 0.0064854214431 927.085837533 0.000172548926958 1.7254892695771890e-04 0.000432786297527 0.000920832033838   
335 4020 0.00598237982005 936.235497437 0.000172548926958 2.0687962485220875e-04 0.000404792804534 0.000486045982273   
336 4032 0.00542729836643 938.566084521 0.000172548926958 1.7543350591362150e-04 0.000339704768519 0.00052238509308   
337 4044 0.00529021347289 943.681730086 0.000172548926958 1.8066203761117123e-04 0.000315394314788 0.000693662821018   
338 4056 0.00514083418085 936.752491524 0.000171301490387 1.7130149038705221e-04 0.000245506331835 0.000456827051152   
339 4068 0.00495306335592 956.651887943 8.70974845467e-05 8.7097484546664548e-05 0.000196090356929 0.000345504671779   
340 4080 0.00458789789228 966.517385954 6.78703314816e-05 6.7870331481637453e-05 0.000216288145245 0.000329038264448   
341 4092 0.00422192803091 999.26534554 6.78703314816e-05 1.1646923415486726e-04 0.000174985071506 0.000321362812098   
342 4104 0.00391236324715 980.75064733 6.78703314816e-05 8.9560975587639946e-05 0.000160482965593 0.000441145634494   
343 4116 0.00357748842834 975.672039195 6.02471288933e-05 6.0247128893336313e-05 0.000134416598004 0.000332214477498   
344 4128 0.00349160165746 993.784479883 4.03327703822e-05 4.0332770382191951e-05 8.84147221596e-05 0.000154768811992   
345 4140 0.00331262273792 1013.19749268 3.78998069702e-05 3.7899806970168453e-05 0.000110967089679 0.000179249201547   
346 4152 0.00308774159016 1008.08837934 2.79436749875e-05 2.7943674987457441e-05 7.91661724449e-05 0.000138658817971   
347 4164 0.00278698992519 1017.73321236 2.79436749875e-05 3.5672406827987890e-05 8.75946968935e-05 0.000115794929231   
348 4176 0.00254633715145 1024.11421858 2.79436749875e-05 3.5226021768248944e-05 6.73808159068e-05 0.000120028474884   
349 4188 0.00236419381036 1028.62516899 2.79436749875e-05 3.7220808005100605e-05 6.19970556553e-05 9.48611934694e-05   
350 4200 0.00216025383385 1037.95168361 2.79436749875e-05 3.3516360207562022e-05 5.7673704973e-05 9.1218994799e-05   
351 4212 0.00198695773365 1045.65082252 2.79436749875e-05 2.9841727000966359e-05 5.22792052898e-05 6.91107207005e-05   
352 4224 0.00181899529477 1036.40448788 1.34214660348e-05 1.3421466034776088e-05 4.18710938261e-05 5.00684904652e-05   
353 4236 0.00174700178312 1033.12763749 1.34214660348e-05 1.4926025945801013e-05 3.31346955217e-05 3.9613501908e-05   
354 4248 0.0017264735857 1027.31277459 1.34214660348e-05 1.4868551458547189e-05 3.72435587992e-05 4.90151421888e-05   
355 4260 0.00171331553567 1035.32341764 1.34214660348e-05 2.4386645387833799e-05 2.89196268263e-05 6.76342991867e-05   
356 4272 0.00166366777669 1047.08559241 1.34214660348e-05 1.7329805060062298e-05 2.7757448771e-05 3.53883592166e-05   
357 4284 0.00160304132382 1043.4966912 1.34214660348e-05 1.5616558520025596e-05 2.66528429286e-05 4.21757323868e-05   
358 4296 0.00153911865702 1031.51584797 1.0351622038e-05 1.0351622037995854e-05 2.00778567513e-05 3.237520448e-05   
359 4308 0.0014403724603 1058.44564345 1.0351622038e-05 1.3326165005958095e-05 2.03549476311e-05 3.28785555383e-05   
360 4320 0.001343285117 1051.49723583 1.0351622038e-05 1.2194593738049014e-05 1.82576247888e-05 2.69166545967e-05   
361 4332 0.00133557783896 1041.58031943 7.48307160209e-06 7.4830716020933402e-06 1.76640029471e-05 2.81175321585e-05   
362 4344 0.00130581912625 1049.2966108 7.48307160209e-06 8.5403952627168384e-06 1.35326888785e-05 2.25206167168e-05   
363 4356 0.00128795407107 1060.42560917 5.96967885014e-06 5.9696788501417873e-06 1.60364424498e-05 2.94593286414e-05   
364 4368 0.0012165223495 1060.19222576 5.96967885014e-06 6.7282065263129469e-06 1.50224556706e-05 1.88053896267e-05   
365 4380 0.00112646714621 1053.80174923 5.96967885014e-06 7.8202028775359866e-06 1.2187756099e-05 1.63691268582e-05   
366 4392 0.00103950310831 1053.00757461 3.38693242934e-06 3.3869324293361204e-06 1.22538915994e-05 1.70871030578e-05   
367 4404 0.00101073328784 1067.72710603 3.38693242934e-06 5.1834265269743946e-06 8.74412772034e-06 1.25808202875e-05   
368 4416 0.000967740374393 1091.49605921 3.38693242934e-06 4.6750496200279666e-06 8.03679389292e-06 1.37882804761e-05   
369 4428 0.000921231225874 1060.46617603 3.38693242934e-06 4.6347408844225478e-06 9.00597009439e-06 1.25341235246e-05   
370 4440 0.000872493271313 1063.90975078 3.19716816227e-06 3.1971681622674650e-06 4.84036745216e-06 1.00013560053e-05   
371 4452 0.000818130770938 1066.48741898 2.42662562428e-06 2.4266256242766397e-06 6.30614596579e-06 8.10831938156e-06   
372 4464 0.000771422397755 1082.8968424 2.42662562428e-06 3.0510484601382918e-06 4.75213970078e-06 7.94982434937e-06   
373 4476 0.000723683282604 1069.3057366 2.42662562428e-06 2.4783681496605017e-06 4.94252517862e-06 6.83897742508e-06   
374 4488 0.000709359509949 1090.58488492 1.31846293594e-06 1.3184629359411848e-06 4.24169663106e-06 6.56554373947e-06   
375 4500 0.000676647933418 1078.74362836 1.31846293594e-06 1.4053503047942881e-06 2.86467334187e-06 5.50301361738e-06   
376 4512 0.000639236545954 1067.0259083 1.31846293594e-06 1.4287085387746059e-06 3.46502457302e-06 6.92820033439e-06   
377 4524 0.000578442228209 1102.0454566 1.31846293594e-06 1.3759877837767651e-06 2.91375871196e-06 4.45167147588e-06   
378 4536 0.000545964408161 1111.19890616 1.00319105092e-06 1.0031910509236051e-06 2.14258699828e-06 3.29284947518e-06   
379 4548 0.000513754474863 1111.35669599 1.00319105092e-06 1.1543158802468429e-06 2.01959143395e-06 3.71087438559e-06   
380 4560 0.000499586140021 1092.24732398 7.78617940131e-07 7.7861794013111203e-07 1.3602202359e-06 2.13679315904e-06   
381 4572 0.00047821135869 1091.07357034 7.78617940131e-07 8.7356750545488301e-07 1.5865733472e-06 1.9199809961e-06   
382 4584 0.000433837033426 1091.54427266 7.78617940131e-07 8.5879101718433889e-07 1.74868908939e-06 2.76118965459e-06   
383 4596 0.000394194966463 1079.55723673 7.24893695452e-07 7.2489369545196856e-07 1.39116343304e-06 2.0575896906e-06   
384 4608 0.000361028547438 1072.81206053 4.04688416192e-07 4.0468841619222855e-07 9.21794886516e-07 2.00638259585e-06   
385 4620 0.000332036866819 1089.79068851 4.04688416192e-07 4.6761626510561723e-07 8.52949124305e-07 1.18397461598e-06   
386 4632 0.000318065114753 1098.54360334 3.72495865029e-07 3.7249586502899078e-07 8.05248934223e-07 1.40247819909e-06   
387 4644 0.000309969830823 1102.22335054 3.62978785129e-07 3.6297878512892908e-07 6.34317511921e-07 8.64402410856e-07   
388 4656 0.000303078624306 1117.03103581 3.62978785129e-07 4.1353925730036481e-07 5.90770931101e-07 9.84704415822e-07   
389 4668 0.000285390522686 1141.3564622 2.17234074206e-07 2.1723407420564459e-07 5.62375503735e-07 7.94979200274e-07   
390 4680 0.000253930362966 1137.57855325 2.17234074206e-07 2.5793057511105867e-07 3.83047480752e-07 6.61788890715e-07   
391 4692 0.000236601442495 1165.39509595 1.14225409434e-07 1.1422540943359485e-07 4.21498662746e-07 5.23694349712e-07   
392 4704 0.000244964512588 1152.81463731 1.14225409434e-07 2.2688763861017709e-07 3.86146248621e-07 6.37189603306e-07   
393 4716 0.000251735338102 1158.04682817 1.14225409434e-07 2.7325479971861739e-07 3.80465948219e-07 5.0937192333e-07   
394 4728 0.000248647309373 1165.62748848 1.14225409434e-07 2.8001199388621088e-07 3.66191552248e-07 8.40645864774e-07   
395 4740 0.000239276345631 1190.52953093 1.14225409434e-07 2.2686422240029644e-07 3.56339029891e-07 5.45847563519e-07   
396 4752 0.000222406467779 1174.48798629 1.14225409434e-07 1.7164412854920686e-07 3.78022470554e-07 5.39439997218e-07   
397 4764 0.000211709382839 1177.22893407 1.14225409434e-07 1.8936081949428899e-07 3.00566732369e-07 4.73925560284e-07   
398 4776 0.000203159669621 1171.36019079 1.14225409434e-07 1.9523029819579657e-07 2.84597559107e-07 4.2496339095e-07   
399 4788 0.000196966122317 1189.7753453 1.14225409434e-07 1.7132193035479970e-07 3.11772496201e-07 4.7554292081e-07   
400 4800 0.000195440223128 1205.92346148 1.14225409434e-07 1.4246936274838756e-07 2.61354648654e-07 5.60780116478e-07   
401 4812 0.000182830188403 1204.58409361 1.05221819167e-07 1.0522181916743642e-07 2.07077833927e-07 3.90106531448e-07   
402 4824 0.000172556423991 1188.32192662 1.05221819167e-07 1.3434887873682069e-07 1.89702700677e-07 2.88456067842e-07   
403 4836 0.000163723615777 1181.89389142 8.50818050964e-08 8.5081805096433908e-08 1.58189802686e-07 2.05570637171e-07   
404 4848 0.00016045805118 1191.62744646 7.40518687765e-08 7.4051868776477410e-08 1.3540456756e-07 2.36768732048e-07   
405 4860 0.000150589379352 1202.68284887 5.76548367114e-08 5.7654836711433914e-08 1.39230017483e-07 2.32779018161e-07   
406 4872 0.000150209990284 1190.33486469 5.76548367114e-08 6.5390595542542132e-08 1.02238056732e-07 1.62731204738e-07   
407 4884 0.000141224185686 1199.51284589 4.59429790133e-08 4.5942979013328242e-08 1.25940469724e-07 2.03599237225e-07   
408 4896 0.000130592142808 1185.6356886 3.74285782572e-08 3.7428578257173326e-08 8.40742100957e-08 1.58804019114e-07   
409 4908 0.00011969430756 1197.05486299 3.74285782572e-08 4.7750551628558184e-08 8.91812795559e-08 1.25095913065e-07   
410 4920 0.000113811622326 1186.34953783 3.74285782572e-08 4.3487029400197806e-08 8.91603888154e-08 1.13964268968e-07   
411 4932 0.000107544242272 1179.41648789 3.63650892043e-08 3.6365089204313016e-08 8.20991203649e-08 1.18997704223e-07   
412 4944 9.70944234159e-05 1206.10432971 3.40782058465e-08 3.4078205846474857e-08 5.80132549953e-08 7.71131388461e-08   
413 4956 9.75315465008e-05 1217.18294688 2.42284297921e-08 2.4228429792108801e-08 4.36892299456e-08 7.98381201844e-08   
414 4968 9.56115223636e-05 1205.66932033 1.96636932104e-08 1.9663693210416052e-08 4.30721321696e-08 5.40923837734e-08   
415 4980 8.96738688873e-05 1196.13143021 1.96636932104e-08 2.3618902304512540e-08 3.77974998479e-08 6.72393918381e-08   
416 4992 8.1814458358e-05 1168.89270243 1.74108682277e-08 1.7410868227658488e-08 3.48472978797e-08 5.02558958314e-08   
417 5004 7.5903875738e-05 1165.42074859 1.74108682277e-08 1.9656069427141500e-08 2.88289439015e-08 4.44574869324e-08   
418 5016 7.23772858284e-05 1181.99904676 1.01686002933e-08 1.0168600293325738e-08 2.65172148763e-08 5.95854684353e-08   
419 5028 7.09443955442e-05 1177.78711732 1.01686002933e-08 1.6390783327260567e-08 2.44811220442e-08 4.02462494113e-08   
420 5040 6.5463345877e-05 1195.7794351 1.01686002933e-08 1.3249404930754855e-08 2.57498045217e-08 4.54277103665e-08   
421 5052 6.18074797246e-05 1200.65475851 8.21028349352e-09 8.2102834935209902e-09 1.69827862528e-08 2.8144878023e-08   
422 5064 5.89968011004e-05 1204.73088075 7.60455279036e-09 7.6045527903556289e-09 1.16328859577e-08 3.17486955056e-08   
423 5076 5.64640371986e-05 1209.81210466 5.74446562245e-09 5.7444656224498683e-09 1.32057693507e-08 2.06521168334e-08   
424 5088 5.18159379875e-05 1213.01072271 5.74446562245e-09 5.9584179566257733e-09 1.40602453842e-08 2.86873290083e-08   
425 5100 4.95294480449e-05 1232.01938148 5.74446562245e-09 7.4116185631864919e-09 1.20701898384e-08 2.22976457187e-08   
426 5112 4.66582477262e-05 1221.25141932 5.74446562245e-09 6.0295985407668573e-09 9.77074388228e-09 1.85310391069e-08   
427 5124 4.51104506931e-05 1232.38960615 5.74446562245e-09 6.9050028094932364e-09 9.28143807098e-09 1.39747598549e-08   
428 5136 4.16611480375e-05 1244.07293175 4.86664432382e-09 4.8666443238162402e-09 8.94924842219e-09 1.50254675068e-08   
429 5148 3.94016745211e-05 1259.44240605 3.71225212493e-09 3.7122521249349225e-09 7.81623917209e-09 1.59956727295e-08   
430 5160 3.68454285547e-05 1267.65633172 3.11806896716e-09 3.1180689671638123e-09 5.79699453956e-09 1.0446760435e-08   
431 5172 3.41900003942e-05 1265.74768348 2.30008022678e-09 2.3000802267773926e-09 4.13458973558e-09 6.96158273781e-09   
432 5184 3.25265750819e-05 1258.03350559 2.30008022678e-09 2.5868949672403513e-09 4.4440936748e-09 7.6118774209e-09   
433 5196 2.98886435406e-05 1257.86409298 2.19547076831e-09 2.1954707683121777e-09 3.16073185811e-09 8.68092208369e-09   
434 5208 2.91937490998e-05 1271.39162525 1.88085494509e-09 1.8808549450879274e-09 3.18060508416e-09 4.17288313321e-09   
435 5220 2.75048838995e-05 1230.62705496 1.70316684465e-09 1.7031668446526221e-09 3.04360782254e-09 4.16601391575e-09   
436 5232 2.70589591026e-05 1223.3256327 1.70316684465e-09 1.8582468454575057e-09 3.37564614188e-09 4.03025484599e-09   
437 5244 2.54642522486e-05 1215.2718912 1.32639150301e-09 1.3263915030099352e-09 2.95043423742e-09 5.70174162333e-09   
438 5256 2.46677421764e-05 1218.1556496 1.32639150301e-09 1.3732673279164500e-09 2.46039467187e-09 4.77678202083e-09   
439 5268 2.32648397602e-05 1242.67514362 1.14420278979e-09 1.1442027897898178e-09 2.52829894396e-09 4.38780207729e-09   
440 5280 2.19767262274e-05 1270.93332768 6.73152783953e-10 6.7315278395313396e-10 2.31124558541e-09 3.14631105757e-09   
441 5292 2.0564325643e-05 1253.57422592 6.73152783953e-10 1.1671283293547405e-09 2.27992614893e-09 2.90683406896e-09   
442 5304 1.82881126756e-05 1248.15579529 6.73152783953e-10 8.9656234898872050e-10 1.83668716532e-09 3.45292164674e-09   
443 5316 1.72096296233e-05 1237.28253313 6.73152783953e-10 8.7746846519457372e-10 1.38574489705e-09 1.77591631985e-09   
444 5328 1.61677469942e-05 1235.28664422 6.73152783953e-10 7.2229807919329656e-10 1.48526500335e-09 2.16501391556e-09   
445 5340 1.54884463958e-05 1233.3040858 6.73152783953e-10 7.2512154363684443e-10 1.18484139095e-09 1.51356128523e-09   
446 5352 1.49293585709e-05 1245.72694396 4.86727683784e-10 4.8672768378360161e-10 9.74412973574e-10 1.5518708376e-09   
447 5364 1.43036900775e-05 1254.04588638 4.42393885622e-10 4.4239388562212383e-10 8.56037925e-10 1.40899101142e-09   
448 5376 1.39339448304e-05 1268.88050013 3.59295473386e-10 3.5929547338560907e-10 9.69437531267e-10 1.26241978696e-09   
449 5388 1.35364324194e-05 1262.63925489 3.59295473386e-10 4.5285960259880410e-10 6.89439348322e-10 1.2026029291e-09   
450 5400 1.32666892723e-05 1268.31101989 3.59295473386e-10 3.8601299538025343e-10 6.01223044277e-10 1.00297895662e-09   
451 5412 1.24054970443e-05 1238.79051987 2.20885138543e-10 2.2088513854326100e-10 5.46117932507e-10 9.71333820211e-10   
452 5424 1.16281515897e-05 1241.14512101 2.20885138543e-10 3.2376764636216217e-10 5.16968532843e-10 6.91607822004e-10   
453 5436 1.0866026742e-05 1265.70784455 1.62126291852e-10 1.6212629185158151e-10 4.14450465804e-10 8.40081930608e-10   
454 5448 1.04394495528e-05 1274.4385859 1.62126291852e-10 2.2133003515481184e-10 3.89845689334e-10 6.52410449854e-10   
455 5460 9.97580028596e-06 1276.86846558 1.62126291852e-10 1.9503049977328047e-10 3.77407120344e-10 5.82027084478e-10   
456 5472 9.73998250262e-06 1268.92397096 1.62126291852e-10 2.1404451203211837e-10 3.65839519571e-10 5.56114643783e-10   
457 5484 9.36550707493e-06 1271.54884463 1.62126291852e-10 2.1405026004454587e-10 3.05013870534e-10 5.60173248389e-10   
458 5496 8.83340282193e-06 1270.00749006 1.60303689211e-10 1.6030368921144079e-10 2.50936059364e-10 4.32880412664e-10   
459 5508 8.16047162155e-06 1284.96457519 1.45924565414e-10 1.4592456541361472e-10 2.77640786421e-10 4.23394996177e-10   
460 5520 8.0195617381e-06 1277.22793618 1.41421616588e-10 1.4142161658753875e-10 2.25157576459e-10 5.14006798278e-10   
461 5532 7.68620967861e-06 1265.4954674 1.19859005745e-10 1.1985900574545610e-10 2.15864971527e-10 3.54750606395e-10   
462 5544 7.17294714929e-06 1248.03133324 8.12753270162e-11 8.1275327016242079e-11 1.61296480746e-10 2.60887025386e-10   
463 5556 6.55795275488e-06 1261.12496589 5.20902092367e-11 5.2090209236690490e-11 1.53054347811e-10 2.96501784541e-10   
464 5568 5.94948743945e-06 1249.70053763 5.20902092367e-11 1.0175112131736898e-10 1.39001471431e-10 1.72140712945e-10   
465 5580 5.38158492346e-06 1258.64750733 5.20902092367e-11 5.7066837805702195e-11 1.02574822108e-10 2.04911990387e-10   
466 5592 4.95234164929e-06 1249.93532275 4.93957990869e-11 4.9395799086897776e-11 1.0771343364e-10 1.53861159833e-10   
467 5604 4.70319626452e-06 1229.90179031 4.85402528375e-11 4.8540252837474576e-11 7.21841864818e-11 1.05227684741e-10   
468 5616 4.26139317424e-06 1238.5572583 3.61425937637e-11 3.6142593763737225e-11 7.1724495685e-11 9.09441370717e-11   
469 5628 3.90284014597e-06 1255.76372067 3.59921889866e-11 3.5992188986582000e-11 5.43819976205e-11 9.90905059593e-11   
470 5640 3.51023600039e-06 1254.70159689 2.50246856844e-11 2.5024685684370266e-11 5.04327085763e-11 9.05334841085e-11   
471 5652 3.38783645979e-06 1258.60937901 2.50246856844e-11 3.0758834609825799e-11 4.78541489201e-11 6.93216970264e-11   
472 5664 3.26548343386e-06 1278.86926395 1.86125835666e-11 1.8612583566614900e-11 5.4970141814e-11 8.52569700272e-11   
473 5676 3.14403038761e-06 1281.88410846 1.43010028963e-11 1.4301002896293021e-11 2.74637123107e-11 4.77580146664e-11   
474 5688 3.05071853238e-06 1280.52861448 1.43010028963e-11 2.1161393458185294e-11 2.95103441409e-11 3.78784429628e-11   
475 5700 2.96951961131e-06 1266.43913426 1.43010028963e-11 2.2727467585253399e-11 2.78579723312e-11 5.15382688844e-11   
476 5712 2.62430905139e-06 1260.22682403 1.17599513307e-11 1.1759951330652938e-11 3.29955420751e-11 3.75609955737e-11   
477 5724 2.39761982372e-06 1269.77309964 1.17599513307e-11 1.1767164223235733e-11 1.78870476554e-11 3.53888274592e-11   
478 5736 2.25186790639e-06 1269.26355928 1.01478163517e-11 1.0147816351714937e-11 1.47789007224e-11 3.07146793314e-11   
479 5748 2.15533796892e-06 1266.83627018 9.3375653958e-12 9.3375653958011766e-12 1.63202169762e-11 2.85025907101e-11   
480 5760 2.04585012656e-06 1253.19533341 6.19210235816e-12 6.1921023581649807e-12 1.48319508822e-11 1.8517367215e-11   
481 5772 1.96229061186e-06 1243.57824532 6.19210235816e-12 8.2165300475109024e-12 1.14862699237e-11 1.64791006834e-11   
482 5784 1.84111656829e-06 1251.91627131 6.19210235816e-12 7.2527738087623608e-12 9.64846860723e-12 1.23079946053e-11   
483 5796 1.75241791552e-06 1261.01063339 5.88266670229e-12 5.8826667022925639e-12 1.02023234834e-11 1.50121357333e-11   
484 5808 1.60631094912e-06 1255.98954731 5.88266670229e-12 5.9150191811325865e-12 9.82056465388e-12 1.74056427392e-11   
485 5820 1.51954492628e-06 1248.22227935 3.24370922835e-12 3.2437092283488202e-12 6.79675610841e-12 1.0591190819e-11   
486 5832 1.48002299674e-06 1270.27858375 2.05983513984e-12 2.0598351398353941e-12 5.64201785014e-12 9.52608402706e-12   
487 5844 1.42762045826e-06 1268.97851886 2.05983513984e-12 2.9588045320124528e-12 5.63902558625e-12 7.45682167785e-12   
488 5856 1.41887111057e-06 1263.71632081 2.05983513984e-12 2.3808074167974670e-12 4.23023636126e-12 8.14492578191e-12   
489 5868 1.36917218356e-06 1258.18262826 8.75289364973e-13 8.7528936497325916e-13 4.25916590659e-12 6.36820277128e-12   
490 5880 1.27802743753e-06 1217.17141843 8.75289364973e-13 1.1954533408542148e-12 3.50056563675e-12 7.89203909927e-12   
491 5892 1.21036816691e-06 1240.27740244 8.75289364973e-13 1.2183718386991387e-12 3.30302148666e-12 5.52815424806e-12   
492 5904 1.11651124364e-06 1245.21796252 7.62145063931e-13 7.6214506393144536e-13 3.24936597286e-12 5.73517799602e-12   
493 5916 1.07131374278e-06 1252.62135979 7.62145063931e-13 1.4149133595681072e-12 2.35996414144e-12 4.59848795144e-12   
494 5928 1.02065316718e-06 1272.07502151 7.62145063931e-13 1.9498808677466049e-12 3.02616280313e-12 4.08972151165e-12   
495 5940 9.25851298068e-07 1286.17199248 7.62145063931e-13 1.5898931457141295e-12 3.08784273719e-12 4.7220671187e-12   
496 5952 8.56852887021e-07 1292.91871927 7.62145063931e-13 1.3976265326118036e-12 2.34486585878e-12 3.29740503124e-12   
497 5964 7.9636570214e-07 1280.69657279 7.62145063931e-13 8.5734844910213482e-13 1.89122751876e-12 3.08186959835e-12   
498 5976 7.45985267067e-07 1269.2501208 7.62145063931e-13 9.6070882708520235e-13 1.71172849307e-12 3.49320152064e-12   
499 5988 6.72855780057e-07 1263.66196745 7.56021758701e-13 7.5602175870073082e-13 1.39846838736e-12 2.06667873661e-12   
500 6000 6.28025818972e-07 1247.24988153 5.40459083957e-13 5.4045908395732133e-13 1.02041071231e-12 1.58321226835e-12   
501 6012 5.90627947048e-07 1246.637353 5.40459083957e-13 6.0633586590163654e-13 9.39555886488e-13 1.40079265117e-12   
502 6024 5.57995555356e-07 1234.46082385 5.40459083957e-13 5.4865969094866211e-13 7.85306625501e-13 1.53888141362e-12   
503 6036 5.21571161604e-07 1240.48964989 4.19933227713e-13 4.1993322771284505e-13 9.22079270352e-13 1.25270285427e-12   
504 6048 4.84761191778e-07 1227.9662844 2.85368449613e-13 2.8536844961275405e-13 7.09615076899e-13 9.65962693291e-13   
505 6060 4.49804027735e-07 1242.79612009 2.69534211795e-13 2.6953421179510896e-13 5.47788880671e-13 7.63252994478e-13   
506 6072 4.26462361259e-07 1209.95125936 2.38486095673e-13 2.3848609567303361e-13 5.3125540803e-13 8.56585675684e-13   
507 6084 4.13527928768e-07 1202.85467518 1.03918674662e-13 1.0391867466152076e-13 4.32834747051e-13 7.77244386685e-13   
508 6096 4.05970205732e-07 1248.03537409 1.03918674662e-13 1.5926726061278819e-13 3.04346351315e-13 7.92252513055e-13   
509 6108 3.95095772939e-07 1248.9329192 1.03918674662e-13 2.2473578104888833e-13 3.21246190886e-13 4.28725976435e-13   
510 6120 3.80729708284e-07 1247.40904085 1.03918674662e-13 1.5771066582465292e-13 2.82023876923e-13 4.57774587925e-13   
511 6132 3.55530789721e-07 1249.43682754 1.03918674662e-13 1.0700755775267877e-13 2.49013676754e-13 5.04898461072e-13   
512 6144 3.32114484989e-07 1250.16135212 1.03918674662e-13 1.2978044926864845e-13 2.15230271262e-13 4.00981459448e-13   
513 6156 3.12114474487e-07 1252.89160466 1.00216909157e-13 1.0021690915704316e-13 1.92138305107e-13 3.89133955572e-13   
514 6168 2.94385526315e-07 1253.60608774 9.76127772301e-14 9.7612777230119623e-14 1.88142488078e-13 3.65397714962e-13   
515 6180 2.74697545783e-07 1254.53104844 8.60419434366e-14 8.6041943436568400e-14 1.59670790513e-13 1.98201077252e-13   
516 6192 2.5888011098e-07 1266.6216633 5.97163557235e-14 5.9716355723467255e-14 1.30938628375e-13 1.83162990007e-13   
517 6204 2.32374721238e-07 1239.11759102 2.7773076704e-14 2.7773076704036307e-14 1.07390343306e-13 2.80395962332e-13   
518 6216 2.15103007121e-07 1235.58605826 2.7773076704e-14 3.5424327730524805e-14 7.81739802863e-14 2.15437732368e-13   
519 6228 2.01075368451e-07 1234.93099827 2.06646319911e-14 2.0664631991083457e-14 7.58886684878e-14 9.22127345703e-14   
520 6240 1.85582656606e-07 1226.83131231 2.06646319911e-14 2.3149553691381003e-14 5.88992721536e-14 1.07120513805e-13   
521 6252 1.63015782723e-07 1219.14251893 2.06646319911e-14 2.7865574706260656e-14 5.3108402064e-14 8.11141651608e-14   
522 6264 1.54276607951e-07 1216.84238462 2.06646319911e-14 2.9698294145150375e-14 4.38111217051e-14 7.14102487114e-14   
523 6276 1.37071253583e-07 1238.83109551 2.06646319911e-14 2.1402584765922734e-14 3.68346788328e-14 6.35488832992e-14   
524 6288 1.27008627884e-07 1254.36037301 1.34530714057e-14 1.3453071405693602e-14 3.90537358256e-14 5.20179133136e-14   
525 6300 1.18269490912e-07 1251.95617042 1.17313626372e-14 1.1731362637187855e-14 2.27099124838e-14 3.26028207074e-14   
