% # columns="iteration, evaluation, min max(neg(.)) min(pos(.)) max correlation, correlation matrix principle axes lengths  (sorted square roots of eigenvalues of correlation matrix)", seed=1101558, Tue Mar 13 16:10:53 2018
1 12 -0.0355242426857 -0.000220267269678 4.07992953219e-07 0.0593600250979 1 1 1 1 1 1 1 1 1 1 1 1 1 1 1
2 24 -0.0575354601629 -4.92520860105e-05 0.000218894716668 0.070829181225 1 1 1 1 1 1 1 1 1 1 1 1 1 1 1
3 36 -0.0834375169147 -0.000317726718619 0.000684170851348 0.0709158832269 1 1 1 1 1 1 1 1 1 1 1 1 1 1 1
4 48 -0.0995285375891 -2.59570040097e-05 0.000648282355303 0.121313550294 1 1 1 1 1 1 1 1 1 1 1 1 1 1 1
5 60 -0.121772862504 -0.000619156273128 0.00102217053534 0.149356272883 1 1 1 1 1 1 1 1 1 1 1 1 1 1 1
6 72 -0.132467165766 -0.000388596976883 0.00213026812885 0.145497839502 1 1 1 1 1 1 1 1 1 1 1 1 1 1 1
7 84 -0.162485710778 -0.000500337361137 0.000831191820899 0.158938630555 1 1 1 1 1 1 1 1 1 1 1 1 1 1 1
8 96 -0.167137713054 -0.00154363952614 0.00236978285515 0.14839656701 1 1 1 1 1 1 1 1 1 1 1 1 1 1 1
9 108 -0.184846990985 -0.000543769159494 0.00125885909461 0.154998139174 1 1 1 1 1 1 1 1 1 1 1 1 1 1 1
10 120 -0.20129458509 -0.00100287580451 0.000574935532761 0.149447170799 1 1 1 1 1 1 1 1 1 1 1 1 1 1 1
11 132 -0.215688621638 -0.00119095590555 0.000167813072894 0.156108840229 1 1 1 1 1 1 1 1 1 1 1 1 1 1 1
12 144 -0.204439211906 -0.00389063249832 0.00112637818398 0.140398905309 1 1 1 1 1 1 1 1 1 1 1 1 1 1 1
13 156 -0.204745471063 -0.00040639354367 0.000269085498977 0.153943394439 1 1 1 1 1 1 1 1 1 1 1 1 1 1 1
14 168 -0.209286113463 -0.000128145065467 0.0041129168905 0.138098211851 1 1 1 1 1 1 1 1 1 1 1 1 1 1 1
15 180 -0.218572779044 -0.000380178377847 0.00338167522327 0.140034960087 1 1 1 1 1 1 1 1 1 1 1 1 1 1 1
16 192 -0.227819203135 -0.00179983586856 0.000642054935287 0.127338265058 1 1 1 1 1 1 1 1 1 1 1 1 1 1 1
17 204 -0.231621092821 -0.000767897187459 0.000827892024671 0.135281905367 1 1 1 1 1 1 1 1 1 1 1 1 1 1 1
18 216 -0.222635096969 -0.00116647855811 0.00349795261559 0.136564109228 1 1 1 1 1 1 1 1 1 1 1 1 1 1 1
19 228 -0.2134347428 -0.000347045152718 0.000960631351319 0.131222604964 1 1 1 1 1 1 1 1 1 1 1 1 1 1 1
20 240 -0.19200418379 -7.12219308364e-05 0.00184263857937 0.144691728642 1 1 1 1 1 1 1 1 1 1 1 1 1 1 1
21 252 -0.189410914449 -0.00622201336612 0.00105237105962 0.154580019174 1 1 1 1 1 1 1 1 1 1 1 1 1 1 1
22 264 -0.169297818365 -0.00232542978267 0.000598742624475 0.172694033083 1 1 1 1 1 1 1 1 1 1 1 1 1 1 1
23 276 -0.161984040617 -0.00243812089991 0.000428979533009 0.161649672964 1 1 1 1 1 1 1 1 1 1 1 1 1 1 1
24 288 -0.145887563884 -0.00334187733793 0.00125261447401 0.180465641951 1 1 1 1 1 1 1 1 1 1 1 1 1 1 1
25 300 -0.160664531249 -0.00408973391916 0.00210636347496 0.209533571677 1 1 1 1 1 1 1 1 1 1 1 1 1 1 1
26 312 -0.154453923569 -0.00153475301933 0.000941745713119 0.214957472183 1 1 1 1 1 1 1 1 1 1 1 1 1 1 1
27 324 -0.150983521502 -0.00747349809409 0.00138398586593 0.215124832132 1 1 1 1 1 1 1 1 1 1 1 1 1 1 1
28 336 -0.172731701202 -0.00813833857387 0.000954506802956 0.256121988857 1 1 1 1 1 1 1 1 1 1 1 1 1 1 1
29 348 -0.179522337528 -0.00147207043428 0.00361337490999 0.248445801797 1 1 1 1 1 1 1 1 1 1 1 1 1 1 1
30 360 -0.182985095396 -0.00121302147435 0.00350597077489 0.262515536259 1 1 1 1 1 1 1 1 1 1 1 1 1 1 1
31 372 -0.187088411795 -0.00188963169521 0.00249019356021 0.261033018536 1 1 1 1 1 1 1 1 1 1 1 1 1 1 1
32 384 -0.1776981493 -0.00223498349798 0.000483361442225 0.269247642797 1 1 1 1 1 1 1 1 1 1 1 1 1 1 1
33 396 -0.177942383436 -0.00162321574396 3.43207548787e-06 0.266730582545 1 1 1 1 1 1 1 1 1 1 1 1 1 1 1
34 408 -0.201815366536 -0.000746206604159 0.0016503913204 0.250986483345 1 1 1 1 1 1 1 1 1 1 1 1 1 1 1
35 420 -0.201129083738 -0.00415842526859 0.000623521167775 0.260964461721 1 1 1 1 1 1 1 1 1 1 1 1 1 1 1
36 432 -0.201795912278 -0.00181799395654 0.000405507749184 0.272549154948 1 1 1 1 1 1 1 1 1 1 1 1 1 1 1
37 444 -0.190135108244 -0.00128554737922 0.00125181633868 0.253178525434 1 1 1 1 1 1 1 1 1 1 1 1 1 1 1
38 456 -0.202712168721 -0.000292110295866 0.00355485301582 0.250188924831 1 1 1 1 1 1 1 1 1 1 1 1 1 1 1
39 468 -0.220112107343 -0.00457031352993 0.00353947450726 0.253007463049 1 1 1 1 1 1 1 1 1 1 1 1 1 1 1
40 480 -0.230331019822 -0.00111073354743 0.000826517538279 0.255424771637 1 1 1 1 1 1 1 1 1 1 1 1 1 1 1
41 492 -0.256197775157 -0.00316084764413 6.29733855128e-05 0.256403679022 1 1 1 1 1 1 1 1 1 1 1 1 1 1 1
42 504 -0.272961402613 -0.000393915610936 0.000795470195955 0.261236084181 1 1 1 1 1 1 1 1 1 1 1 1 1 1 1
43 516 -0.277989832399 -0.00273969555656 0.00978047523064 0.260746633507 1 1 1 1 1 1 1 1 1 1 1 1 1 1 1
44 528 -0.282824854166 -0.00036202948695 0.00461573976244 0.260049983682 1 1 1 1 1 1 1 1 1 1 1 1 1 1 1
45 540 -0.310111090261 -0.000931670551717 0.0056899964664 0.260346096736 1 1 1 1 1 1 1 1 1 1 1 1 1 1 1
46 552 -0.304458168142 -0.00448138917494 0.00230712597304 0.254227127112 1 1 1 1 1 1 1 1 1 1 1 1 1 1 1
47 564 -0.318739235371 -0.00938206670797 0.000242212673856 0.266462897916 1 1 1 1 1 1 1 1 1 1 1 1 1 1 1
48 576 -0.31765683506 -0.00259991686954 0.00110345305685 0.29019485405 1 1 1 1 1 1 1 1 1 1 1 1 1 1 1
49 588 -0.339857764979 -0.00133925954174 0.00288361738449 0.29323549741 1 1 1 1 1 1 1 1 1 1 1 1 1 1 1
50 600 -0.330573359826 -0.000313236530138 0.00337997085294 0.299899321728 1 1 1 1 1 1 1 1 1 1 1 1 1 1 1
51 612 -0.352500921554 -0.000313824930983 0.00386396007079 0.321449608155 1 1 1 1 1 1 1 1 1 1 1 1 1 1 1
52 624 -0.373790772121 -0.00791081913454 6.29124539802e-05 0.324239533208 1 1 1 1 1 1 1 1 1 1 1 1 1 1 1
53 636 -0.382869585707 -0.000117890276283 0.00872648506077 0.323390584488 1 1 1 1 1 1 1 1 1 1 1 1 1 1 1
54 648 -0.374642190579 -0.00487850702077 0.00103214030087 0.327092943296 1 1 1 1 1 1 1 1 1 1 1 1 1 1 1
55 660 -0.382293290427 -0.0100985773325 0.00201659078033 0.33604340093 1 1 1 1 1 1 1 1 1 1 1 1 1 1 1
56 672 -0.412202503215 -3.18160465878e-05 0.0136951533476 0.367293750516 1 1 1 1 1 1 1 1 1 1 1 1 1 1 1
57 684 -0.40364864061 -0.000516471652512 0.00498891486698 0.37442805854 1 1 1 1 1 1 1 1 1 1 1 1 1 1 1
58 696 -0.410178960475 -0.000558413029234 0.000853585308656 0.361463311481 1 1 1 1 1 1 1 1 1 1 1 1 1 1 1
59 708 -0.416258659172 -0.00177333281882 0.00490427140045 0.384633695164 1 1 1 1 1 1 1 1 1 1 1 1 1 1 1
60 720 -0.409431502194 -0.00328086044543 0.00111991892501 0.394435431577 1 1 1 1 1 1 1 1 1 1 1 1 1 1 1
61 732 -0.398033671528 -0.0103131885347 0.00945517099869 0.404419600479 1 1 1 1 1 1 1 1 1 1 1 1 1 1 1
62 744 -0.3928897435 -0.00488874954742 0.0138507137995 0.397568024884 1 1 1 1 1 1 1 1 1 1 1 1 1 1 1
63 756 -0.399353553189 -0.00176170510673 0.00722952929951 0.400793305946 1 1 1 1 1 1 1 1 1 1 1 1 1 1 1
64 768 -0.395263818666 -0.00529941119387 0.00200801145236 0.402722087797 1 1 1 1 1 1 1 1 1 1 1 1 1 1 1
65 780 -0.418227662158 -0.00141676753678 0.00181245783841 0.41020957496 1 1 1 1 1 1 1 1 1 1 1 1 1 1 1
66 792 -0.440490639681 -0.000656830704225 0.00457503521376 0.424765086513 1 1 1 1 1 1 1 1 1 1 1 1 1 1 1
67 804 -0.441458427555 -0.00318402236282 0.000347099956149 0.418355613254 1 1 1 1 1 1 1 1 1 1 1 1 1 1 1
68 816 -0.445761441085 -0.000315096069654 0.00405380058819 0.416457099498 1 1 1 1 1 1 1 1 1 1 1 1 1 1 1
69 828 -0.46426960487 -0.00130077561681 0.00229866856352 0.407782233477 1 1 1 1 1 1 1 1 1 1 1 1 1 1 1
70 840 -0.46226425993 -0.000242152321787 0.00173526179968 0.410785076891 1 1 1 1 1 1 1 1 1 1 1 1 1 1 1
71 852 -0.480947840816 -0.00917790593605 0.00150804597763 0.415242157429 1 1 1 1 1 1 1 1 1 1 1 1 1 1 1
72 864 -0.473141041911 -0.002506167539 0.000197526262908 0.412704939748 1 1 1 1 1 1 1 1 1 1 1 1 1 1 1
73 876 -0.464001666683 -0.00245098676422 0.00168916298524 0.4095005933 1 1 1 1 1 1 1 1 1 1 1 1 1 1 1
74 888 -0.480814516376 -0.00425633144821 0.00724584786611 0.40728381679 1 1 1 1 1 1 1 1 1 1 1 1 1 1 1
75 900 -0.463992010356 -0.000989565599105 0.00343051408957 0.419212905148 1 1 1 1 1 1 1 1 1 1 1 1 1 1 1
76 912 -0.448441581721 -0.00136219099438 0.00711049007132 0.403388844117 1 1 1 1 1 1 1 1 1 1 1 1 1 1 1
77 924 -0.447655704966 -0.00206199568809 0.000127996158522 0.407112684893 1 1 1 1 1 1 1 1 1 1 1 1 1 1 1
78 936 -0.445258264021 -0.00219638142821 0.00283104895357 0.40830638609 1 1 1 1 1 1 1 1 1 1 1 1 1 1 1
79 948 -0.436122473372 -0.00189676379851 0.0122724355472 0.389851315628 1 1 1 1 1 1 1 1 1 1 1 1 1 1 1
80 960 -0.419330690884 -0.00297210985471 0.00459794954345 0.386347294176 1 1 1 1 1 1 1 1 1 1 1 1 1 1 1
81 972 -0.420108418344 -0.00930317378401 0.000285813521582 0.395215331903 1 1 1 1 1 1 1 1 1 1 1 1 1 1 1
82 984 -0.414942281445 -0.00438359759773 0.00410467269375 0.3989953466 1 1 1 1 1 1 1 1 1 1 1 1 1 1 1
83 996 -0.420960934236 -0.00161795444417 0.00208616706134 0.396208393953 1 1 1 1 1 1 1 1 1 1 1 1 1 1 1
84 1008 -0.408004068136 -0.000507137380127 0.0112117704952 0.405935515861 1 1 1 1 1 1 1 1 1 1 1 1 1 1 1
85 1020 -0.434295227708 -0.000412608550048 0.00432757247069 0.401478761953 1 1 1 1 1 1 1 1 1 1 1 1 1 1 1
86 1032 -0.447770451196 -0.00158877202461 0.00132530670478 0.404449721497 1 1 1 1 1 1 1 1 1 1 1 1 1 1 1
87 1044 -0.477500308491 -0.00178764289061 0.00133335711684 0.395587082605 1 1 1 1 1 1 1 1 1 1 1 1 1 1 1
88 1056 -0.469487640491 -0.00427643392781 0.00225070571279 0.402437068939 1 1 1 1 1 1 1 1 1 1 1 1 1 1 1
89 1068 -0.46995797011 -0.00196427153073 0.00738086210439 0.404183289882 1 1 1 1 1 1 1 1 1 1 1 1 1 1 1
90 1080 -0.477059384232 -0.00107580839061 0.000941920975079 0.430038622763 1 1 1 1 1 1 1 1 1 1 1 1 1 1 1
91 1092 -0.489796491871 -0.0048420994642 0.00352720065056 0.43794702043 1 1 1 1 1 1 1 1 1 1 1 1 1 1 1
92 1104 -0.496988241024 -0.00280476278986 0.00529461178584 0.446277369189 1 1 1 1 1 1 1 1 1 1 1 1 1 1 1
93 1116 -0.509133909226 -0.000850834901034 0.00297989908778 0.41825923709 1 1 1 1 1 1 1 1 1 1 1 1 1 1 1
94 1128 -0.535485402733 -0.00597384982173 0.00298410008421 0.412535937506 1 1 1 1 1 1 1 1 1 1 1 1 1 1 1
95 1140 -0.537226326167 -0.00648379055591 0.00382451471582 0.413459708982 1 1 1 1 1 1 1 1 1 1 1 1 1 1 1
96 1152 -0.543925890181 -0.00509749724932 0.00656411782537 0.405686674942 1 1 1 1 1 1 1 1 1 1 1 1 1 1 1
97 1164 -0.539863236232 -0.00234515901457 0.00282895726359 0.415505197173 1 1 1 1 1 1 1 1 1 1 1 1 1 1 1
98 1176 -0.543271884749 -0.00112948596721 0.00257054218242 0.419205311559 1 1 1 1 1 1 1 1 1 1 1 1 1 1 1
99 1188 -0.536175136911 -0.00211851793946 0.00175467997376 0.418151325512 1 1 1 1 1 1 1 1 1 1 1 1 1 1 1
100 1200 -0.537319537365 -0.000203755143287 0.00611403719799 0.441593526708 1 1 1 1 1 1 1 1 1 1 1 1 1 1 1
101 1212 -0.544314207318 -0.00854791820104 0.00227366090426 0.429262992155 1 1 1 1 1 1 1 1 1 1 1 1 1 1 1
102 1224 -0.526683897488 -0.0107448071817 0.00204350105622 0.435325410026 1 1 1 1 1 1 1 1 1 1 1 1 1 1 1
103 1236 -0.527083720491 -0.00520956719553 0.00700604981859 0.453182488023 1 1 1 1 1 1 1 1 1 1 1 1 1 1 1
104 1248 -0.500688741389 -0.00516209245867 0.00105128617144 0.452504951536 1 1 1 1 1 1 1 1 1 1 1 1 1 1 1
105 1260 -0.490320659113 -0.00146041930598 0.0119394395987 0.455089564307 1 1 1 1 1 1 1 1 1 1 1 1 1 1 1
106 1272 -0.49803596084 -0.0114688676893 0.0024596984967 0.444529327098 1 1 1 1 1 1 1 1 1 1 1 1 1 1 1
107 1284 -0.501651227348 -0.00923197681216 0.00342769046313 0.463441354845 1 1 1 1 1 1 1 1 1 1 1 1 1 1 1
108 1296 -0.50156739799 -0.0101341973684 0.00624572184096 0.48994602959 1 1 1 1 1 1 1 1 1 1 1 1 1 1 1
109 1308 -0.496459265956 -0.00164992945674 0.00614317807309 0.495182501687 1 1 1 1 1 1 1 1 1 1 1 1 1 1 1
110 1320 -0.490959421111 -0.00832658301339 0.000602960076491 0.503216702044 1 1 1 1 1 1 1 1 1 1 1 1 1 1 1
111 1332 -0.480731441503 -0.0018744552126 0.00483335261047 0.520518255781 1 1 1 1 1 1 1 1 1 1 1 1 1 1 1
112 1344 -0.465519471341 -0.00666095364811 0.00437276138314 0.527548197763 1 1 1 1 1 1 1 1 1 1 1 1 1 1 1
113 1356 -0.456133261724 -0.00204513708418 0.004332102149 0.524984871732 1 1 1 1 1 1 1 1 1 1 1 1 1 1 1
114 1368 -0.462997909059 -0.000149613965261 0.00333196078561 0.51423963553 1 1 1 1 1 1 1 1 1 1 1 1 1 1 1
115 1380 -0.464529640556 -0.00506525859144 0.000958428266725 0.523559952971 1 1 1 1 1 1 1 1 1 1 1 1 1 1 1
116 1392 -0.474260082633 -0.000703044300903 0.00686671242086 0.52151397254 1 1 1 1 1 1 1 1 1 1 1 1 1 1 1
117 1404 -0.45343523438 -0.00769404864393 0.00291032155586 0.524727579131 1 1 1 1 1 1 1 1 1 1 1 1 1 1 1
118 1416 -0.441591201842 -0.00233496223756 0.000705145379797 0.534696172441 1 1 1 1 1 1 1 1 1 1 1 1 1 1 1
119 1428 -0.43945714695 -0.00123626145395 0.00169992974594 0.538191475559 1 1 1 1 1 1 1 1 1 1 1 1 1 1 1
120 1440 -0.435523369541 -0.00379310800672 0.00421061707286 0.537816237613 1 1 1 1 1 1 1 1 1 1 1 1 1 1 1
121 1452 -0.449534159314 -0.000720942670776 0.0127584727455 0.529566421137 1 1 1 1 1 1 1 1 1 1 1 1 1 1 1
122 1464 -0.445893040412 -0.00132157478696 0.00983560873964 0.522424406697 1 1 1 1 1 1 1 1 1 1 1 1 1 1 1
123 1476 -0.446589606087 -0.00176071621197 0.000890796289118 0.524133213355 1 1 1 1 1 1 1 1 1 1 1 1 1 1 1
124 1488 -0.442031777367 -0.00564244861819 0.00169236000856 0.521591415784 1 1 1 1 1 1 1 1 1 1 1 1 1 1 1
125 1500 -0.435519676791 -0.000245788800381 7.42665262137e-06 0.521052335972 1 1 1 1 1 1 1 1 1 1 1 1 1 1 1
126 1512 -0.411185141346 -0.0010755773107 0.00257890585545 0.507121773097 1 1 1 1 1 1 1 1 1 1 1 1 1 1 1
127 1524 -0.398703099979 -0.000218490155889 0.00847702225953 0.492292202636 1 1 1 1 1 1 1 1 1 1 1 1 1 1 1
128 1536 -0.385161702558 -8.64662344165e-05 0.0208828209595 0.482822255384 1 1 1 1 1 1 1 1 1 1 1 1 1 1 1
129 1548 -0.387892519006 -0.0172723832026 0.000592580048482 0.494764975551 1 1 1 1 1 1 1 1 1 1 1 1 1 1 1
130 1560 -0.398559132027 -0.00299877343686 0.00585476338457 0.497305995929 1 1 1 1 1 1 1 1 1 1 1 1 1 1 1
131 1572 -0.400548614802 -0.0146851877693 0.00420813993305 0.498615959823 1 1 1 1 1 1 1 1 1 1 1 1 1 1 1
132 1584 -0.399839441978 -0.00331572001158 0.0102662313578 0.485115214252 1 1 1 1 1 1 1 1 1 1 1 1 1 1 1
133 1596 -0.409403571171 -0.00910204346734 0.00717031589723 0.471190921166 1 1 1 1 1 1 1 1 1 1 1 1 1 1 1
134 1608 -0.404011769754 -0.00427245473303 0.00506138349259 0.467231999134 1 1 1 1 1 1 1 1 1 1 1 1 1 1 1
135 1620 -0.424940422374 -0.00418005848689 0.00232957908767 0.465385662 1 1 1 1 1 1 1 1 1 1 1 1 1 1 1
136 1632 -0.448128810795 -0.000284303737338 0.001669894303 0.479962776923 1 1 1 1 1 1 1 1 1 1 1 1 1 1 1
137 1644 -0.465360160306 -0.00401281608618 0.0050287150564 0.498491899269 1 1 1 1 1 1 1 1 1 1 1 1 1 1 1
138 1656 -0.490237243412 -0.000940927436246 0.00279076418635 0.508901190233 1 1 1 1 1 1 1 1 1 1 1 1 1 1 1
139 1668 -0.49305960586 -0.00689967435338 0.000668744245727 0.528352731575 1 1 1 1 1 1 1 1 1 1 1 1 1 1 1
140 1680 -0.48604709937 -0.00787464510151 0.00533885405524 0.516424992385 1 1 1 1 1 1 1 1 1 1 1 1 1 1 1
141 1692 -0.476007931159 -0.00334457795061 0.00575177126433 0.526119210234 1 1 1 1 1 1 1 1 1 1 1 1 1 1 1
142 1704 -0.500385667777 -0.00626464341193 0.00479291495392 0.538036937363 1 1 1 1 1 1 1 1 1 1 1 1 1 1 1
143 1716 -0.490863134918 -0.00968391001094 9.66627452321e-05 0.550828149697 1 1 1 1 1 1 1 1 1 1 1 1 1 1 1
144 1728 -0.498562738709 -0.00253976969024 0.00684961569993 0.542213264877 1 1 1 1 1 1 1 1 1 1 1 1 1 1 1
145 1740 -0.49465114481 -0.00227197982886 0.0107636478118 0.54516544538 1 1 1 1 1 1 1 1 1 1 1 1 1 1 1
146 1752 -0.489463605307 -0.0054218834017 0.000508544863465 0.544664593605 1 1 1 1 1 1 1 1 1 1 1 1 1 1 1
147 1764 -0.486825587785 -0.0158849868427 0.000239260942781 0.539186945895 1 1 1 1 1 1 1 1 1 1 1 1 1 1 1
148 1776 -0.491307784863 -0.003491064079 0.00216305945381 0.524366009895 1 1 1 1 1 1 1 1 1 1 1 1 1 1 1
149 1788 -0.488315526338 -0.0105651247177 0.0115039954207 0.522802933876 1 1 1 1 1 1 1 1 1 1 1 1 1 1 1
150 1800 -0.482466113694 -0.0101661181129 0.00787057421183 0.528301690391 1 1 1 1 1 1 1 1 1 1 1 1 1 1 1
151 1812 -0.480792787155 -0.000885926192664 0.00417847147629 0.524993870658 1 1 1 1 1 1 1 1 1 1 1 1 1 1 1
152 1824 -0.488030279645 -0.00291932992517 0.0121441587125 0.533518632485 1 1 1 1 1 1 1 1 1 1 1 1 1 1 1
153 1836 -0.493275101974 -0.00365634358016 0.00315860506359 0.528277889237 1 1 1 1 1 1 1 1 1 1 1 1 1 1 1
154 1848 -0.504320534319 -0.0104618971233 0.00495328295995 0.535146594474 1 1 1 1 1 1 1 1 1 1 1 1 1 1 1
155 1860 -0.50828562362 -0.0129448796068 0.00230588782516 0.542294009884 1 1 1 1 1 1 1 1 1 1 1 1 1 1 1
156 1872 -0.507053483564 -0.0015325208892 0.00237134298343 0.543052155855 1 1 1 1 1 1 1 1 1 1 1 1 1 1 1
157 1884 -0.506058346613 -0.00859852242656 0.0159609174803 0.548486048663 1 1 1 1 1 1 1 1 1 1 1 1 1 1 1
158 1896 -0.502277548083 -0.00845403833539 0.00797409721222 0.553218074293 1 1 1 1 1 1 1 1 1 1 1 1 1 1 1
159 1908 -0.508596837725 -0.00183733302496 7.07377908163e-05 0.545668120757 1 1 1 1 1 1 1 1 1 1 1 1 1 1 1
160 1920 -0.505239411591 -0.00968112023956 0.000443222622989 0.542643706987 1 1 1 1 1 1 1 1 1 1 1 1 1 1 1
161 1932 -0.516775019269 -0.00150162628602 0.0142044148756 0.533338178876 1 1 1 1 1 1 1 1 1 1 1 1 1 1 1
162 1944 -0.519094166924 -0.00543200465152 0.0164542457547 0.532511076105 1 1 1 1 1 1 1 1 1 1 1 1 1 1 1
163 1956 -0.547189851805 -0.00501941329999 0.00234694696049 0.534045100128 1 1 1 1 1 1 1 1 1 1 1 1 1 1 1
164 1968 -0.546534698025 -0.000581772333404 0.00238270224567 0.546555349439 1 1 1 1 1 1 1 1 1 1 1 1 1 1 1
165 1980 -0.535963357819 -0.00342079518695 0.00213017091723 0.54583431716 1 1 1 1 1 1 1 1 1 1 1 1 1 1 1
166 1992 -0.514630199397 -0.010337690515 0.00284953096389 0.539605467919 1 1 1 1 1 1 1 1 1 1 1 1 1 1 1
167 2004 -0.515121664083 -0.00310242494307 0.00081238140015 0.547565313338 1 1 1 1 1 1 1 1 1 1 1 1 1 1 1
168 2016 -0.493893411104 -0.00538650496645 0.00115968189315 0.546481457352 1 1 1 1 1 1 1 1 1 1 1 1 1 1 1
169 2028 -0.473694730429 -0.00228873735026 0.000616113803282 0.535505979407 1 1 1 1 1 1 1 1 1 1 1 1 1 1 1
170 2040 -0.465077673449 -0.0021053983229 0.00435523076215 0.537534650334 1 1 1 1 1 1 1 1 1 1 1 1 1 1 1
171 2052 -0.460197171328 -0.00639727910177 0.00194374642183 0.540693493698 1 1 1 1 1 1 1 1 1 1 1 1 1 1 1
172 2064 -0.453089010693 -0.00310864696961 0.00528095529848 0.557456219688 1 1 1 1 1 1 1 1 1 1 1 1 1 1 1
173 2076 -0.453680491637 -0.00338303911397 0.000945894302719 0.559167350718 1 1 1 1 1 1 1 1 1 1 1 1 1 1 1
174 2088 -0.450323472378 -0.00038935306714 0.00276971206991 0.55317653406 1 1 1 1 1 1 1 1 1 1 1 1 1 1 1
175 2100 -0.443539369505 -0.00403901094188 0.00378579909407 0.54946952118 1 1 1 1 1 1 1 1 1 1 1 1 1 1 1
176 2112 -0.455445805905 -0.0122300557211 0.00436712979163 0.542825645537 1 1 1 1 1 1 1 1 1 1 1 1 1 1 1
177 2124 -0.468638345582 -0.00558271982783 0.00249591180661 0.559439483975 1 1 1 1 1 1 1 1 1 1 1 1 1 1 1
178 2136 -0.479254500492 -0.00501257758153 0.00317281553172 0.573739122368 1 1 1 1 1 1 1 1 1 1 1 1 1 1 1
179 2148 -0.498020680662 -0.00120201168004 0.010733706746 0.57815628838 1 1 1 1 1 1 1 1 1 1 1 1 1 1 1
180 2160 -0.522448105877 -0.0135217159296 0.00580254215364 0.578594656568 1 1 1 1 1 1 1 1 1 1 1 1 1 1 1
181 2172 -0.51383465507 -0.00482814110102 0.0114819292894 0.566086239288 1 1 1 1 1 1 1 1 1 1 1 1 1 1 1
182 2184 -0.523318556807 -0.00357337815828 0.000229101816667 0.568935437934 1 1 1 1 1 1 1 1 1 1 1 1 1 1 1
183 2196 -0.525906481035 -0.00530173886 0.00448117641516 0.575441531651 1 1 1 1 1 1 1 1 1 1 1 1 1 1 1
184 2208 -0.522544496296 -0.00557446891753 0.000404245488854 0.558635033687 1 1 1 1 1 1 1 1 1 1 1 1 1 1 1
185 2220 -0.522538570012 -0.0057244881206 0.00563967661641 0.536232449403 1 1 1 1 1 1 1 1 1 1 1 1 1 1 1
186 2232 -0.52014782852 -0.00220949483177 0.00594246537679 0.536116988594 1 1 1 1 1 1 1 1 1 1 1 1 1 1 1
187 2244 -0.517908238768 -0.00516436679704 0.00449640653954 0.53950014429 1 1 1 1 1 1 1 1 1 1 1 1 1 1 1
188 2256 -0.519559214772 -0.0022836119808 0.0017866971374 0.535562078145 1 1 1 1 1 1 1 1 1 1 1 1 1 1 1
189 2268 -0.509623282847 -0.00299054233965 0.0180333670126 0.52045608257 1 1 1 1 1 1 1 1 1 1 1 1 1 1 1
190 2280 -0.508616925773 -0.00302445507453 0.01302908035 0.524370320095 1 1 1 1 1 1 1 1 1 1 1 1 1 1 1
191 2292 -0.511556754007 -0.00595405851468 0.00639512504812 0.522561946597 1 1 1 1 1 1 1 1 1 1 1 1 1 1 1
192 2304 -0.507299762387 -0.00728378310296 0.00558063365522 0.5303226073 1 1 1 1 1 1 1 1 1 1 1 1 1 1 1
193 2316 -0.508381608763 -0.00673801098167 0.0022007700111 0.547274693474 1 1 1 1 1 1 1 1 1 1 1 1 1 1 1
194 2328 -0.504002005497 -0.00475516558869 0.00095819469805 0.535670774481 1 1 1 1 1 1 1 1 1 1 1 1 1 1 1
195 2340 -0.50727689513 -0.00325311893553 0.00238267200528 0.526144048169 1 1 1 1 1 1 1 1 1 1 1 1 1 1 1
196 2352 -0.508734779511 -0.00049837807771 0.000271291742283 0.532296773869 1 1 1 1 1 1 1 1 1 1 1 1 1 1 1
197 2364 -0.511248349196 -0.0138672471965 0.00702822485152 0.533729824916 1 1 1 1 1 1 1 1 1 1 1 1 1 1 1
198 2376 -0.524502035121 -0.00866296489447 0.00170613572131 0.543924796081 1 1 1 1 1 1 1 1 1 1 1 1 1 1 1
199 2388 -0.525594268456 -0.00184860040539 0.00175850069535 0.543252326311 1 1 1 1 1 1 1 1 1 1 1 1 1 1 1
200 2400 -0.517929468347 -0.0026754804696 0.0216432789341 0.534579746645 1 1 1 1 1 1 1 1 1 1 1 1 1 1 1
201 2412 -0.528251396308 -0.00574896315005 0.000779468044276 0.53541831569 1 1 1 1 1 1 1 1 1 1 1 1 1 1 1
202 2424 -0.532055859496 -0.000680554822923 0.00455250768942 0.528574367862 1 1 1 1 1 1 1 1 1 1 1 1 1 1 1
203 2436 -0.544925901372 -0.00684951248751 0.0092099254088 0.51810517617 1 1 1 1 1 1 1 1 1 1 1 1 1 1 1
204 2448 -0.556406436651 -0.00852218388517 0.00257631650301 0.506434012263 1 1 1 1 1 1 1 1 1 1 1 1 1 1 1
205 2460 -0.556111049879 -0.00447960292899 0.00481719653758 0.507269329834 1 1 1 1 1 1 1 1 1 1 1 1 1 1 1
206 2472 -0.56731463044 -0.00570978114926 2.55952389467e-05 0.516091813856 1 1 1 1 1 1 1 1 1 1 1 1 1 1 1
207 2484 -0.567252237293 -0.000974191363014 0.0191974852838 0.500078348182 1 1 1 1 1 1 1 1 1 1 1 1 1 1 1
208 2496 -0.56359334566 -0.0145557458384 0.00369829126681 0.508378678722 1 1 1 1 1 1 1 1 1 1 1 1 1 1 1
209 2508 -0.557416354052 -0.00866758200769 0.00332731332912 0.507031779848 1 1 1 1 1 1 1 1 1 1 1 1 1 1 1
210 2520 -0.546215304934 -0.00572419599488 0.000460819981813 0.496723352964 1 1 1 1 1 1 1 1 1 1 1 1 1 1 1
211 2532 -0.53972789979 -0.00650146485478 0.0011260892965 0.507282079667 1 1 1 1 1 1 1 1 1 1 1 1 1 1 1
212 2544 -0.539988471847 -0.01526823127 0.0102592710936 0.512753758355 1 1 1 1 1 1 1 1 1 1 1 1 1 1 1
213 2556 -0.544774314281 -0.00278194877238 0.00153898096945 0.511780314843 1 1 1 1 1 1 1 1 1 1 1 1 1 1 1
214 2568 -0.545675603454 -0.00363297189223 0.00230954636307 0.500456984505 1 1 1 1 1 1 1 1 1 1 1 1 1 1 1
215 2580 -0.549689487763 -0.00296862632613 0.00580694441279 0.489296231745 1 1 1 1 1 1 1 1 1 1 1 1 1 1 1
216 2592 -0.552989880605 -0.00365873330522 0.00853382436118 0.490097760735 1 1 1 1 1 1 1 1 1 1 1 1 1 1 1
217 2604 -0.544328141373 -0.0095326423342 0.00172724408825 0.486497093981 1 1 1 1 1 1 1 1 1 1 1 1 1 1 1
218 2616 -0.550300309492 -0.000576028608156 0.0028147823719 0.482790576143 1 1 1 1 1 1 1 1 1 1 1 1 1 1 1
219 2628 -0.551229548246 -0.00261050027837 0.00151178675371 0.469116771368 1 1 1 1 1 1 1 1 1 1 1 1 1 1 1
220 2640 -0.55821649827 -0.00658680932832 0.000350904208542 0.467599226328 1 1 1 1 1 1 1 1 1 1 1 1 1 1 1
221 2652 -0.557234631457 -0.00136052516909 0.00040558472285 0.458992556904 1 1 1 1 1 1 1 1 1 1 1 1 1 1 1
222 2664 -0.556018376979 -0.0158391898096 0.00383511199166 0.461831275375 1 1 1 1 1 1 1 1 1 1 1 1 1 1 1
223 2676 -0.547135275899 -0.00641016787091 0.00463095437928 0.477977298447 1 1 1 1 1 1 1 1 1 1 1 1 1 1 1
224 2688 -0.553287506702 -0.000908686084737 0.00616316467623 0.469712053265 1 1 1 1 1 1 1 1 1 1 1 1 1 1 1
225 2700 -0.556948322605 -0.0129551067344 0.00338536061925 0.483325243196 1 1 1 1 1 1 1 1 1 1 1 1 1 1 1
226 2712 -0.553727829485 -0.00335164027747 0.00695738310645 0.479349933799 1 1 1 1 1 1 1 1 1 1 1 1 1 1 1
227 2724 -0.545541388807 -0.00879481445081 0.000203215934682 0.475540512392 1 1 1 1 1 1 1 1 1 1 1 1 1 1 1
228 2736 -0.551985471825 -0.00573434528131 0.00407203838784 0.481907589402 1 1 1 1 1 1 1 1 1 1 1 1 1 1 1
229 2748 -0.550966782688 -0.00592623153331 0.00164283731579 0.474781746896 1 1 1 1 1 1 1 1 1 1 1 1 1 1 1
230 2760 -0.552940654163 -0.00292103189705 0.000315950335637 0.473377169293 1 1 1 1 1 1 1 1 1 1 1 1 1 1 1
231 2772 -0.563465459642 -0.00318982748583 0.000146648824448 0.470416281778 1 1 1 1 1 1 1 1 1 1 1 1 1 1 1
232 2784 -0.561927137689 -0.00192410706242 0.000470993726293 0.455803464587 1 1 1 1 1 1 1 1 1 1 1 1 1 1 1
233 2796 -0.551021825165 -0.00172046897174 0.00303769821257 0.45051600591 1 1 1 1 1 1 1 1 1 1 1 1 1 1 1
234 2808 -0.527783030143 -0.00372059303242 0.0011470739687 0.446195729748 1 1 1 1 1 1 1 1 1 1 1 1 1 1 1
235 2820 -0.523941514445 -0.00774892627375 0.00358210120551 0.450047948106 1 1 1 1 1 1 1 1 1 1 1 1 1 1 1
236 2832 -0.52833142363 -0.0111670939817 0.00965578860196 0.435784930909 1 1 1 1 1 1 1 1 1 1 1 1 1 1 1
237 2844 -0.514282417008 -0.00243260309093 0.00235246417696 0.432224718238 1 1 1 1 1 1 1 1 1 1 1 1 1 1 1
238 2856 -0.518498127099 -0.000516792817194 0.00081740900701 0.425175621139 1 1 1 1 1 1 1 1 1 1 1 1 1 1 1
239 2868 -0.513337429772 -0.00136150796007 0.00315871415062 0.435800178467 1 1 1 1 1 1 1 1 1 1 1 1 1 1 1
240 2880 -0.524126539296 -0.0014319406165 0.01223196698 0.436518594667 1 1 1 1 1 1 1 1 1 1 1 1 1 1 1
241 2892 -0.521861009254 -0.00410260789204 0.00838304434782 0.414921744368 1 1 1 1 1 1 1 1 1 1 1 1 1 1 1
242 2904 -0.524022547343 -0.00376046182356 0.00291798872538 0.416604667669 1 1 1 1 1 1 1 1 1 1 1 1 1 1 1
243 2916 -0.53060196132 -0.00837255909486 0.00546427472227 0.427933792611 1 1 1 1 1 1 1 1 1 1 1 1 1 1 1
244 2928 -0.539660696772 -0.000711767317784 0.0140880651533 0.433082610375 1 1 1 1 1 1 1 1 1 1 1 1 1 1 1
245 2940 -0.538245461788 -0.00194734149324 0.00603413210638 0.445298408622 1 1 1 1 1 1 1 1 1 1 1 1 1 1 1
246 2952 -0.532684991118 -0.00123687328685 0.0020841081807 0.426584261181 1 1 1 1 1 1 1 1 1 1 1 1 1 1 1
247 2964 -0.536284399933 -0.000722687836337 0.00193702178929 0.434310601188 1 1 1 1 1 1 1 1 1 1 1 1 1 1 1
248 2976 -0.513024700468 -0.00707301911813 0.00667929041021 0.444181130461 1 1 1 1 1 1 1 1 1 1 1 1 1 1 1
249 2988 -0.506276244285 -0.000920329130381 0.00212273746043 0.440448944297 1 1 1 1 1 1 1 1 1 1 1 1 1 1 1
250 3000 -0.503674279296 -0.00132497600074 0.00618186225454 0.415879145933 1 1 1 1 1 1 1 1 1 1 1 1 1 1 1
251 3012 -0.495492235092 -0.00383452368832 0.000638800314248 0.413480581029 1 1 1 1 1 1 1 1 1 1 1 1 1 1 1
252 3024 -0.49449506702 -0.000613199153675 0.000831833061532 0.425723444885 1 1 1 1 1 1 1 1 1 1 1 1 1 1 1
253 3036 -0.486546639064 -0.00263142462919 0.00139831807745 0.415063921482 1 1 1 1 1 1 1 1 1 1 1 1 1 1 1
254 3048 -0.488064325947 -0.00812712441464 0.00146719634913 0.413057646108 1 1 1 1 1 1 1 1 1 1 1 1 1 1 1
255 3060 -0.481938381371 -0.00491646758091 0.00198583298151 0.420085523709 1 1 1 1 1 1 1 1 1 1 1 1 1 1 1
256 3072 -0.487034675162 -0.00464871239443 0.000263668540289 0.428205507188 1 1 1 1 1 1 1 1 1 1 1 1 1 1 1
257 3084 -0.495185526321 -0.0128840599705 0.00264095973499 0.440402788116 1 1 1 1 1 1 1 1 1 1 1 1 1 1 1
258 3096 -0.499450051481 -0.00550227780722 0.00417312896606 0.450681500387 1 1 1 1 1 1 1 1 1 1 1 1 1 1 1
259 3108 -0.499407742977 -0.000351049945154 0.00431432195504 0.455867241961 1 1 1 1 1 1 1 1 1 1 1 1 1 1 1
260 3120 -0.49248247814 -0.00146300116134 0.00428955038409 0.463111884894 1 1 1 1 1 1 1 1 1 1 1 1 1 1 1
261 3132 -0.487671552694 -0.00309135225178 0.000829498545477 0.460665255967 1 1 1 1 1 1 1 1 1 1 1 1 1 1 1
262 3144 -0.483017916909 -0.00361761219328 0.00589349449286 0.457837611868 1 1 1 1 1 1 1 1 1 1 1 1 1 1 1
263 3156 -0.481175897441 -0.00667152562887 0.00826449141809 0.463710700656 1 1 1 1 1 1 1 1 1 1 1 1 1 1 1
264 3168 -0.467240140802 -0.00166794640679 0.0024078019457 0.455397690399 1 1 1 1 1 1 1 1 1 1 1 1 1 1 1
265 3180 -0.467443082888 -0.00785887171812 0.000400411181301 0.439705630798 1 1 1 1 1 1 1 1 1 1 1 1 1 1 1
266 3192 -0.460095284539 -0.00406809045349 0.00201794261761 0.424704341373 1 1 1 1 1 1 1 1 1 1 1 1 1 1 1
267 3204 -0.452948442745 -0.000510619963622 0.00562376093152 0.413646969614 1 1 1 1 1 1 1 1 1 1 1 1 1 1 1
268 3216 -0.426452376485 -0.00190133964539 0.00148289892645 0.400327643938 1 1 1 1 1 1 1 1 1 1 1 1 1 1 1
269 3228 -0.422508981656 -0.000341790505562 0.00583611633269 0.387385055507 1 1 1 1 1 1 1 1 1 1 1 1 1 1 1
270 3240 -0.427244827112 -0.00292011409677 0.00239040292678 0.388756161212 1 1 1 1 1 1 1 1 1 1 1 1 1 1 1
271 3252 -0.427969373048 -0.000739426138547 0.00118765379635 0.39201410267 1 1 1 1 1 1 1 1 1 1 1 1 1 1 1
272 3264 -0.438525847292 -0.00681284132474 0.00102084126214 0.393805959769 1 1 1 1 1 1 1 1 1 1 1 1 1 1 1
273 3276 -0.424886283729 -0.000790963362156 0.00354719683378 0.390401449554 1 1 1 1 1 1 1 1 1 1 1 1 1 1 1
274 3288 -0.423345583621 -0.00220143082807 0.000519029047804 0.394715770712 1 1 1 1 1 1 1 1 1 1 1 1 1 1 1
275 3300 -0.429894251516 -0.000593590100674 0.00615941701891 0.40343874909 1 1 1 1 1 1 1 1 1 1 1 1 1 1 1
276 3312 -0.427957059345 -0.000379158728338 0.00178226616354 0.416814648734 1 1 1 1 1 1 1 1 1 1 1 1 1 1 1
277 3324 -0.430141097944 -0.0014348328578 0.000889936732225 0.414439928661 1 1 1 1 1 1 1 1 1 1 1 1 1 1 1
278 3336 -0.430580967741 -0.00302839701869 0.000406402083524 0.419391912821 1 1 1 1 1 1 1 1 1 1 1 1 1 1 1
279 3348 -0.425980612604 -0.00188593448333 0.00131565879101 0.420251841533 1 1 1 1 1 1 1 1 1 1 1 1 1 1 1
280 3360 -0.432413000176 -0.000588549546939 0.00375109068375 0.418662159249 1 1 1 1 1 1 1 1 1 1 1 1 1 1 1
281 3372 -0.422587791041 -0.00425991781994 0.00725617050936 0.419734241826 1 1 1 1 1 1 1 1 1 1 1 1 1 1 1
282 3384 -0.417414451332 -0.0065679270737 0.000226240102815 0.425802771804 1 1 1 1 1 1 1 1 1 1 1 1 1 1 1
283 3396 -0.402055116896 -0.00383918431367 0.000262327082953 0.428650818416 1 1 1 1 1 1 1 1 1 1 1 1 1 1 1
284 3408 -0.403128694267 -0.00101266826762 0.00159721002189 0.436163268263 1 1 1 1 1 1 1 1 1 1 1 1 1 1 1
285 3420 -0.395051985264 -0.00291786048863 0.000440667760411 0.435931757644 1 1 1 1 1 1 1 1 1 1 1 1 1 1 1
286 3432 -0.392332337768 -0.000478172466657 0.00175891664647 0.448625426814 1 1 1 1 1 1 1 1 1 1 1 1 1 1 1
287 3444 -0.407891174529 -0.000554296844174 0.00141156281298 0.453302620391 1 1 1 1 1 1 1 1 1 1 1 1 1 1 1
288 3456 -0.42250264541 -5.02256506271e-05 0.00127628006564 0.44313562788 1 1 1 1 1 1 1 1 1 1 1 1 1 1 1
289 3468 -0.415485393732 -0.00738840065364 0.00289679935998 0.45257226445 1 1 1 1 1 1 1 1 1 1 1 1 1 1 1
290 3480 -0.392063534938 -0.00129639812459 0.00223758385409 0.463523018954 1 1 1 1 1 1 1 1 1 1 1 1 1 1 1
291 3492 -0.382703792343 -0.00183397934138 0.00155507536651 0.479568338939 1 1 1 1 1 1 1 1 1 1 1 1 1 1 1
292 3504 -0.368843916435 -0.000615696941385 0.00550043883625 0.483926493012 1 1 1 1 1 1 1 1 1 1 1 1 1 1 1
293 3516 -0.36087436072 -0.000234742046591 0.00193810153243 0.47226240054 1 1 1 1 1 1 1 1 1 1 1 1 1 1 1
294 3528 -0.350369573217 -0.00338615580905 0.00637555898408 0.476183605446 1 1 1 1 1 1 1 1 1 1 1 1 1 1 1
295 3540 -0.343449497368 -0.00280828953339 0.000472048321217 0.452242791625 1 1 1 1 1 1 1 1 1 1 1 1 1 1 1
296 3552 -0.325323035393 -0.00308467525077 0.00140453618916 0.458051892006 1 1 1 1 1 1 1 1 1 1 1 1 1 1 1
297 3564 -0.324567796494 -0.00136250834761 0.000196556779125 0.452018788088 1 1 1 1 1 1 1 1 1 1 1 1 1 1 1
298 3576 -0.310914665685 -0.000765303636435 0.00157828649047 0.455509700793 1 1 1 1 1 1 1 1 1 1 1 1 1 1 1
299 3588 -0.297352864121 -0.00330038583426 0.0029367751792 0.451132610217 1 1 1 1 1 1 1 1 1 1 1 1 1 1 1
300 3600 -0.305007287229 -0.00328439490803 0.00696996451174 0.448371293529 1 1 1 1 1 1 1 1 1 1 1 1 1 1 1
301 3612 -0.302520782025 -0.000167687169186 0.00533701473437 0.44650985331 1 1 1 1 1 1 1 1 1 1 1 1 1 1 1
302 3624 -0.292948119772 -0.000773005056708 0.00077816643005 0.447099997957 1 1 1 1 1 1 1 1 1 1 1 1 1 1 1
303 3636 -0.303873767904 -0.00534760135409 0.00249801710504 0.438698175386 1 1 1 1 1 1 1 1 1 1 1 1 1 1 1
304 3648 -0.302520914795 -0.00564620056824 0.000627579151369 0.443851920837 1 1 1 1 1 1 1 1 1 1 1 1 1 1 1
305 3660 -0.307298341755 -0.00394536723054 0.00056790653345 0.429980591614 1 1 1 1 1 1 1 1 1 1 1 1 1 1 1
306 3672 -0.314052366661 -0.000942502793335 0.00479087273974 0.441398853857 1 1 1 1 1 1 1 1 1 1 1 1 1 1 1
307 3684 -0.318551969744 -0.00254419621629 0.00211387476869 0.434481236796 1 1 1 1 1 1 1 1 1 1 1 1 1 1 1
308 3696 -0.301655226296 -0.000394865502706 0.000143114137172 0.445341147254 1 1 1 1 1 1 1 1 1 1 1 1 1 1 1
309 3708 -0.298340976858 -0.00243787538974 0.00116506270929 0.437439703437 1 1 1 1 1 1 1 1 1 1 1 1 1 1 1
310 3720 -0.302486668968 -0.000265803943135 0.000578359608289 0.425035086961 1 1 1 1 1 1 1 1 1 1 1 1 1 1 1
311 3732 -0.293864873371 -0.00480690528817 0.00181217715158 0.420379018171 1 1 1 1 1 1 1 1 1 1 1 1 1 1 1
312 3744 -0.294305052222 -0.00398255607461 0.00279309722185 0.418038188578 1 1 1 1 1 1 1 1 1 1 1 1 1 1 1
313 3756 -0.274382756821 -0.00297496265805 0.000946343255087 0.418620580933 1 1 1 1 1 1 1 1 1 1 1 1 1 1 1
314 3768 -0.26964962619 -0.000791514560771 0.00734893402859 0.395418496431 1 1 1 1 1 1 1 1 1 1 1 1 1 1 1
315 3780 -0.270546641724 -0.00284872388785 0.00704930627177 0.398735532124 1 1 1 1 1 1 1 1 1 1 1 1 1 1 1
316 3792 -0.269336737251 -0.0034559440792 0.00237608830057 0.392013471722 1 1 1 1 1 1 1 1 1 1 1 1 1 1 1
317 3804 -0.278415342446 -0.0001041989527 0.000403236090494 0.402557027481 1 1 1 1 1 1 1 1 1 1 1 1 1 1 1
318 3816 -0.289561773057 -0.00316843388855 0.00124543295386 0.389351806758 1 1 1 1 1 1 1 1 1 1 1 1 1 1 1
319 3828 -0.292007895004 -0.0021103088793 0.000263638298456 0.373995397105 1 1 1 1 1 1 1 1 1 1 1 1 1 1 1
320 3840 -0.285819240106 -0.00325896231669 0.010395831758 0.363732602692 1 1 1 1 1 1 1 1 1 1 1 1 1 1 1
321 3852 -0.299012109345 -0.00510729181214 0.000713072697668 0.339239366982 1 1 1 1 1 1 1 1 1 1 1 1 1 1 1
322 3864 -0.308740427004 -0.00106430044191 0.00174689429558 0.346931468983 1 1 1 1 1 1 1 1 1 1 1 1 1 1 1
323 3876 -0.317832763728 -0.00263467634769 0.00342712948489 0.35042652391 1 1 1 1 1 1 1 1 1 1 1 1 1 1 1
324 3888 -0.313975580491 -0.00319865145269 0.00209836206541 0.348338768883 1 1 1 1 1 1 1 1 1 1 1 1 1 1 1
325 3900 -0.298018431852 -0.00241192553497 1.64297579776e-05 0.316132304121 1 1 1 1 1 1 1 1 1 1 1 1 1 1 1
326 3912 -0.308913012418 -0.002014998272 0.0024953500165 0.314577288893 1 1 1 1 1 1 1 1 1 1 1 1 1 1 1
327 3924 -0.311694052968 -0.000239090175206 0.000330037647439 0.312036266119 1 1 1 1 1 1 1 1 1 1 1 1 1 1 1
328 3936 -0.290793085956 -0.00239516953281 0.00644440265304 0.318958584445 1 1 1 1 1 1 1 1 1 1 1 1 1 1 1
329 3948 -0.289229071897 -0.00270918205159 0.00645742596914 0.313161789344 1 1 1 1 1 1 1 1 1 1 1 1 1 1 1
330 3960 -0.289982476349 -0.00664692295001 0.00222051253594 0.310070102558 1 1 1 1 1 1 1 1 1 1 1 1 1 1 1
331 3972 -0.29186495206 -0.00280088678187 0.000664665927567 0.309222284956 1 1 1 1 1 1 1 1 1 1 1 1 1 1 1
332 3984 -0.286414709613 -0.00566679234153 0.00159010611402 0.309577406435 1 1 1 1 1 1 1 1 1 1 1 1 1 1 1
333 3996 -0.294424520918 -0.00223059990797 0.000506810386995 0.313349021342 1 1 1 1 1 1 1 1 1 1 1 1 1 1 1
334 4008 -0.296016153532 -0.00134307507458 0.000753801442711 0.322541606135 1 1 1 1 1 1 1 1 1 1 1 1 1 1 1
335 4020 -0.300048972348 -0.00118445839116 0.000113593025343 0.325383684041 1 1 1 1 1 1 1 1 1 1 1 1 1 1 1
336 4032 -0.307617696873 -0.00181399697545 0.000105528187 0.325195412702 1 1 1 1 1 1 1 1 1 1 1 1 1 1 1
337 4044 -0.298196515514 -0.00164954959996 0.000211292343716 0.294225389489 1 1 1 1 1 1 1 1 1 1 1 1 1 1 1
338 4056 -0.300226755508 -0.00349007405476 0.000137513755984 0.288732949574 1 1 1 1 1 1 1 1 1 1 1 1 1 1 1
339 4068 -0.306024659921 -0.00105744351023 0.000917241310183 0.281754710852 1 1 1 1 1 1 1 1 1 1 1 1 1 1 1
340 4080 -0.307551168577 -0.00041806393795 0.00145028941652 0.280320155556 1 1 1 1 1 1 1 1 1 1 1 1 1 1 1
341 4092 -0.303438885798 -0.00287283405222 0.000302127715918 0.281514007965 1 1 1 1 1 1 1 1 1 1 1 1 1 1 1
342 4104 -0.296346753412 -0.00113096104204 0.00247082502791 0.266276002333 1 1 1 1 1 1 1 1 1 1 1 1 1 1 1
343 4116 -0.292215970416 -0.0039521595358 0.00383421862917 0.277116414819 1 1 1 1 1 1 1 1 1 1 1 1 1 1 1
344 4128 -0.278766796192 -0.00185813797865 0.00180970359393 0.281988024876 1 1 1 1 1 1 1 1 1 1 1 1 1 1 1
345 4140 -0.271089626182 -0.000895124539853 0.00422909806624 0.285497994425 1 1 1 1 1 1 1 1 1 1 1 1 1 1 1
346 4152 -0.266290223176 -0.00713010148041 0.000103921875138 0.292387339981 1 1 1 1 1 1 1 1 1 1 1 1 1 1 1
347 4164 -0.258263755079 -0.000239536444564 0.00120690321852 0.297986182048 1 1 1 1 1 1 1 1 1 1 1 1 1 1 1
348 4176 -0.261034838432 -0.000176373811775 0.000639739611145 0.296886759123 1 1 1 1 1 1 1 1 1 1 1 1 1 1 1
349 4188 -0.256515552034 -0.000479737212579 0.00410585824098 0.291399768763 1 1 1 1 1 1 1 1 1 1 1 1 1 1 1
350 4200 -0.253558209793 -0.00265072062129 0.00552949832234 0.311578408963 1 1 1 1 1 1 1 1 1 1 1 1 1 1 1
351 4212 -0.248745018947 -0.00451102362525 0.00105485201029 0.31040676521 1 1 1 1 1 1 1 1 1 1 1 1 1 1 1
352 4224 -0.24813121449 -1.71297126772e-05 0.00486044305036 0.305653325286 1 1 1 1 1 1 1 1 1 1 1 1 1 1 1
353 4236 -0.246377212702 -0.00110867917776 5.87228008776e-05 0.314415124836 1 1 1 1 1 1 1 1 1 1 1 1 1 1 1
354 4248 -0.242107596595 -0.000123346168679 0.000935140660968 0.322489419133 1 1 1 1 1 1 1 1 1 1 1 1 1 1 1
355 4260 -0.23769613132 -0.00497132126602 0.00177650016579 0.325471013697 1 1 1 1 1 1 1 1 1 1 1 1 1 1 1
356 4272 -0.228473839932 -0.00220299608898 0.000251375214594 0.337421604492 1 1 1 1 1 1 1 1 1 1 1 1 1 1 1
357 4284 -0.21340571645 -0.00317846013914 0.00104648787399 0.335283456569 1 1 1 1 1 1 1 1 1 1 1 1 1 1 1
358 4296 -0.215565737818 -0.00576280618325 0.00383683910374 0.342685508329 1 1 1 1 1 1 1 1 1 1 1 1 1 1 1
359 4308 -0.205893097835 -0.00014710280208 0.00251442708484 0.329879331198 1 1 1 1 1 1 1 1 1 1 1 1 1 1 1
360 4320 -0.205299593361 -0.00221161701511 0.000287140253839 0.312051758018 1 1 1 1 1 1 1 1 1 1 1 1 1 1 1
361 4332 -0.210669459897 -0.00155567091988 0.00389781261643 0.314009936938 1 1 1 1 1 1 1 1 1 1 1 1 1 1 1
362 4344 -0.217641326296 -0.00121017914686 0.000345008533496 0.310274707811 1 1 1 1 1 1 1 1 1 1 1 1 1 1 1
363 4356 -0.216884311204 -0.000387926433347 0.000193440049296 0.315681662662 1 1 1 1 1 1 1 1 1 1 1 1 1 1 1
364 4368 -0.22497951025 -2.72937078311e-06 0.00663726524736 0.327951983955 1 1 1 1 1 1 1 1 1 1 1 1 1 1 1
365 4380 -0.225703360727 -0.000516896400572 0.00031943164868 0.318503158514 1 1 1 1 1 1 1 1 1 1 1 1 1 1 1
366 4392 -0.222338900735 -0.00108277889472 0.00221540826556 0.329252538465 1 1 1 1 1 1 1 1 1 1 1 1 1 1 1
367 4404 -0.232911362374 -0.00347755969976 0.000876877626449 0.33515090571 1 1 1 1 1 1 1 1 1 1 1 1 1 1 1
368 4416 -0.216455049198 -0.00120967514651 0.00019653949998 0.312482294479 1 1 1 1 1 1 1 1 1 1 1 1 1 1 1
369 4428 -0.20536410545 -0.00250490548732 0.00071825526634 0.288122085662 1 1 1 1 1 1 1 1 1 1 1 1 1 1 1
370 4440 -0.213365808002 -0.000945861962727 0.00495208287697 0.285710842396 1 1 1 1 1 1 1 1 1 1 1 1 1 1 1
371 4452 -0.225075315928 -0.00122629115559 0.00151183079824 0.275664244931 1 1 1 1 1 1 1 1 1 1 1 1 1 1 1
372 4464 -0.220404512971 -0.000822438482227 0.0019952547776 0.286720739341 1 1 1 1 1 1 1 1 1 1 1 1 1 1 1
373 4476 -0.213275595536 -0.00140635329632 0.00120447495968 0.273672958682 1 1 1 1 1 1 1 1 1 1 1 1 1 1 1
374 4488 -0.216405903653 -0.00128216990356 0.00160976398848 0.239300841504 1 1 1 1 1 1 1 1 1 1 1 1 1 1 1
375 4500 -0.200169652898 -0.00698200146542 0.00238197391034 0.216512421303 1 1 1 1 1 1 1 1 1 1 1 1 1 1 1
376 4512 -0.202783938375 -0.00581318155043 0.00465411783963 0.219770889473 1 1 1 1 1 1 1 1 1 1 1 1 1 1 1
377 4524 -0.220952184036 -0.00267276785041 0.00355330426192 0.222636284913 1 1 1 1 1 1 1 1 1 1 1 1 1 1 1
378 4536 -0.238566570222 -0.0047263776275 0.000110326321812 0.226144905248 1 1 1 1 1 1 1 1 1 1 1 1 1 1 1
379 4548 -0.23779199181 -0.00331547252554 0.00295932618839 0.217450411023 1 1 1 1 1 1 1 1 1 1 1 1 1 1 1
380 4560 -0.22141678714 -0.00122431066419 0.00565792274643 0.20671685502 1 1 1 1 1 1 1 1 1 1 1 1 1 1 1
381 4572 -0.219816704175 -0.00235848871701 0.000843988298654 0.224231622891 1 1 1 1 1 1 1 1 1 1 1 1 1 1 1
382 4584 -0.24612260708 -0.0051844700732 0.000554038013759 0.222645532002 1 1 1 1 1 1 1 1 1 1 1 1 1 1 1
383 4596 -0.258990629325 -0.00213981151647 6.8471409684e-05 0.222530370504 1 1 1 1 1 1 1 1 1 1 1 1 1 1 1
384 4608 -0.261651001836 -0.00137634284527 0.00423775719207 0.214444618953 1 1 1 1 1 1 1 1 1 1 1 1 1 1 1
385 4620 -0.24278018179 -0.00148767824699 0.00162480500704 0.216424736238 1 1 1 1 1 1 1 1 1 1 1 1 1 1 1
386 4632 -0.23358090497 -0.0032979342867 0.00480045646327 0.198483908249 1 1 1 1 1 1 1 1 1 1 1 1 1 1 1
387 4644 -0.246038923486 -0.00458149132918 0.00164685407137 0.203390650868 1 1 1 1 1 1 1 1 1 1 1 1 1 1 1
388 4656 -0.245735034442 -0.00230690685992 0.00600192688937 0.202397321085 1 1 1 1 1 1 1 1 1 1 1 1 1 1 1
389 4668 -0.239356926274 -0.00786127060645 0.00607427172275 0.19978767957 1 1 1 1 1 1 1 1 1 1 1 1 1 1 1
390 4680 -0.245945699846 -0.00203243332895 0.00394074428854 0.208825142657 1 1 1 1 1 1 1 1 1 1 1 1 1 1 1
391 4692 -0.227756678617 -0.00283388952926 0.0022311160388 0.211682345234 1 1 1 1 1 1 1 1 1 1 1 1 1 1 1
392 4704 -0.24073842326 -0.000571294411054 0.00397522604167 0.203220076095 1 1 1 1 1 1 1 1 1 1 1 1 1 1 1
393 4716 -0.235470393525 -0.00471663938107 0.00289681887817 0.213716444373 1 1 1 1 1 1 1 1 1 1 1 1 1 1 1
394 4728 -0.236467669177 -0.00401825649252 0.00419093545397 0.211078817646 1 1 1 1 1 1 1 1 1 1 1 1 1 1 1
395 4740 -0.244167416052 -0.0102028916181 0.000365443725365 0.197174049194 1 1 1 1 1 1 1 1 1 1 1 1 1 1 1
396 4752 -0.237772371284 -0.000947537981687 0.00463172071976 0.183888082868 1 1 1 1 1 1 1 1 1 1 1 1 1 1 1
397 4764 -0.231977701938 -0.00146257327732 0.00277300030734 0.178697165185 1 1 1 1 1 1 1 1 1 1 1 1 1 1 1
398 4776 -0.238405668874 -0.00119625194697 0.00432337731884 0.203163185126 1 1 1 1 1 1 1 1 1 1 1 1 1 1 1
399 4788 -0.239219141416 -0.00242273468903 0.000775981627278 0.213339179812 1 1 1 1 1 1 1 1 1 1 1 1 1 1 1
400 4800 -0.242039366949 -0.000100381836379 0.00178312672536 0.217469147107 1 1 1 1 1 1 1 1 1 1 1 1 1 1 1
401 4812 -0.242231151572 -0.00167871729066 0.00151790680363 0.197068370322 1 1 1 1 1 1 1 1 1 1 1 1 1 1 1
402 4824 -0.245613488865 -0.0027285138188 0.00279446514203 0.175987431307 1 1 1 1 1 1 1 1 1 1 1 1 1 1 1
403 4836 -0.247471738341 -0.00266916517735 0.00181920904975 0.176708988508 1 1 1 1 1 1 1 1 1 1 1 1 1 1 1
404 4848 -0.245391190242 -0.0062546850246 0.00374137170174 0.185932762827 1 1 1 1 1 1 1 1 1 1 1 1 1 1 1
405 4860 -0.232536222526 -0.00240306690245 0.00205509729964 0.191926097161 1 1 1 1 1 1 1 1 1 1 1 1 1 1 1
406 4872 -0.243273123579 -0.0020504566251 0.0010854312877 0.191863345914 1 1 1 1 1 1 1 1 1 1 1 1 1 1 1
407 4884 -0.238278912858 -0.000614046441863 0.000465052731482 0.200716984624 1 1 1 1 1 1 1 1 1 1 1 1 1 1 1
408 4896 -0.234977094601 -0.00154915930059 0.00217507797228 0.199050236165 1 1 1 1 1 1 1 1 1 1 1 1 1 1 1
409 4908 -0.225413369822 -0.00211644881701 0.000897617201264 0.210503960135 1 1 1 1 1 1 1 1 1 1 1 1 1 1 1
410 4920 -0.224612887921 -0.00167804097963 0.00554397583252 0.194152969626 1 1 1 1 1 1 1 1 1 1 1 1 1 1 1
411 4932 -0.241819107497 -0.00032912121245 0.00102948085975 0.196256412592 1 1 1 1 1 1 1 1 1 1 1 1 1 1 1
412 4944 -0.242857420887 -0.000580080001284 0.00304293419289 0.19993347664 1 1 1 1 1 1 1 1 1 1 1 1 1 1 1
413 4956 -0.234004816313 -0.000873905205671 0.000854853043387 0.209915589517 1 1 1 1 1 1 1 1 1 1 1 1 1 1 1
414 4968 -0.232125756924 -0.00619139487378 0.00212456558069 0.211115613874 1 1 1 1 1 1 1 1 1 1 1 1 1 1 1
415 4980 -0.217376124311 -0.000988304660097 0.00264529460318 0.208239098348 1 1 1 1 1 1 1 1 1 1 1 1 1 1 1
416 4992 -0.23150557206 -0.00282651014432 0.00143007514307 0.215643370916 1 1 1 1 1 1 1 1 1 1 1 1 1 1 1
417 5004 -0.235764206173 -0.00241607947798 0.00117807972018 0.219136280515 1 1 1 1 1 1 1 1 1 1 1 1 1 1 1
418 5016 -0.216207708524 -0.00843006581404 0.000912363642985 0.214346320712 1 1 1 1 1 1 1 1 1 1 1 1 1 1 1
419 5028 -0.224048787301 -0.00255926771029 0.00523316812906 0.231596081288 1 1 1 1 1 1 1 1 1 1 1 1 1 1 1
420 5040 -0.230950149596 -0.00279459486302 0.00100737513326 0.236777134688 1 1 1 1 1 1 1 1 1 1 1 1 1 1 1
421 5052 -0.245313383977 -0.000761917821964 0.0013163654832 0.240435399295 1 1 1 1 1 1 1 1 1 1 1 1 1 1 1
422 5064 -0.249059596168 -0.00409152403055 0.00361934869155 0.239755766711 1 1 1 1 1 1 1 1 1 1 1 1 1 1 1
423 5076 -0.24651953469 -0.000622500848747 0.00199208251756 0.244223756198 1 1 1 1 1 1 1 1 1 1 1 1 1 1 1
424 5088 -0.241956998485 -0.000675504914367 0.00334724428132 0.255768542165 1 1 1 1 1 1 1 1 1 1 1 1 1 1 1
425 5100 -0.248542487227 -0.00405392095433 0.00771683384219 0.261087868743 1 1 1 1 1 1 1 1 1 1 1 1 1 1 1
426 5112 -0.249195918821 -0.00419908005855 0.000653249561194 0.264847527417 1 1 1 1 1 1 1 1 1 1 1 1 1 1 1
427 5124 -0.247609461621 -0.00476774461898 0.002269601276 0.259492386525 1 1 1 1 1 1 1 1 1 1 1 1 1 1 1
428 5136 -0.241706764031 -0.000896857464031 0.0012432038644 0.260891261485 1 1 1 1 1 1 1 1 1 1 1 1 1 1 1
429 5148 -0.241212447536 -8.28700661666e-05 0.00195958432996 0.26798095062 1 1 1 1 1 1 1 1 1 1 1 1 1 1 1
430 5160 -0.233521361667 -0.000102680490308 0.000607569485344 0.247895644895 1 1 1 1 1 1 1 1 1 1 1 1 1 1 1
431 5172 -0.221595380683 -0.00341863650638 0.00253748595473 0.254062402612 1 1 1 1 1 1 1 1 1 1 1 1 1 1 1
432 5184 -0.229662530047 -0.00141221812614 0.00353153810704 0.237939022976 1 1 1 1 1 1 1 1 1 1 1 1 1 1 1
433 5196 -0.227653099942 -0.00120708146893 0.00228052339212 0.243669455702 1 1 1 1 1 1 1 1 1 1 1 1 1 1 1
434 5208 -0.23546503387 -0.00133168838909 0.00138877228639 0.243867824718 1 1 1 1 1 1 1 1 1 1 1 1 1 1 1
435 5220 -0.237525842278 -0.00185464464401 0.00269256601691 0.242062586378 1 1 1 1 1 1 1 1 1 1 1 1 1 1 1
436 5232 -0.248179788139 -0.00158336575101 0.00242065391607 0.257415430334 1 1 1 1 1 1 1 1 1 1 1 1 1 1 1
437 5244 -0.253435237669 -0.00489347748794 0.000915282837766 0.257348137456 1 1 1 1 1 1 1 1 1 1 1 1 1 1 1
438 5256 -0.240590956868 -0.00389255204672 0.0025681239474 0.256203465791 1 1 1 1 1 1 1 1 1 1 1 1 1 1 1
439 5268 -0.243064941572 -0.0055845725916 0.000670076658821 0.25722052855 1 1 1 1 1 1 1 1 1 1 1 1 1 1 1
440 5280 -0.231700423567 -0.000936327988739 0.000876909679746 0.219594330472 1 1 1 1 1 1 1 1 1 1 1 1 1 1 1
441 5292 -0.259768283283 -0.00680006153564 0.00219079625923 0.220366565468 1 1 1 1 1 1 1 1 1 1 1 1 1 1 1
442 5304 -0.255911303408 -0.00194916222197 0.00154465106923 0.20373054671 1 1 1 1 1 1 1 1 1 1 1 1 1 1 1
443 5316 -0.255241726741 -9.11687830059e-05 0.00218035996988 0.199364021256 1 1 1 1 1 1 1 1 1 1 1 1 1 1 1
444 5328 -0.242045131894 -0.000461368665651 0.00731147169388 0.196786280942 1 1 1 1 1 1 1 1 1 1 1 1 1 1 1
445 5340 -0.232470782006 -4.158125328e-05 0.000595949761232 0.198321233556 1 1 1 1 1 1 1 1 1 1 1 1 1 1 1
446 5352 -0.233743875468 -0.00110023187526 0.00153594143257 0.208799955197 1 1 1 1 1 1 1 1 1 1 1 1 1 1 1
447 5364 -0.231071677559 -0.000805366596712 0.00307637775861 0.206636534601 1 1 1 1 1 1 1 1 1 1 1 1 1 1 1
448 5376 -0.233912359977 -0.000269500748079 0.00166959727259 0.204904176105 1 1 1 1 1 1 1 1 1 1 1 1 1 1 1
449 5388 -0.232600359981 -0.000540197061441 0.00556779186535 0.197805555092 1 1 1 1 1 1 1 1 1 1 1 1 1 1 1
450 5400 -0.222297057435 -0.00150467023324 0.00264871027751 0.195508329719 1 1 1 1 1 1 1 1 1 1 1 1 1 1 1
451 5412 -0.212517164419 -0.00335490675769 0.000707348961072 0.196358596007 1 1 1 1 1 1 1 1 1 1 1 1 1 1 1
452 5424 -0.200838767442 -0.00149974367538 0.00419396996064 0.203066924811 1 1 1 1 1 1 1 1 1 1 1 1 1 1 1
453 5436 -0.201050196102 -0.000853392079682 0.00578309951704 0.206981752583 1 1 1 1 1 1 1 1 1 1 1 1 1 1 1
454 5448 -0.207705615098 -0.00705495593021 0.00123341511522 0.21425116339 1 1 1 1 1 1 1 1 1 1 1 1 1 1 1
455 5460 -0.214681578896 -0.000264810849847 0.000227747494269 0.210345459577 1 1 1 1 1 1 1 1 1 1 1 1 1 1 1
456 5472 -0.225758809166 -0.00156883712229 0.000943090372263 0.217006081067 1 1 1 1 1 1 1 1 1 1 1 1 1 1 1
457 5484 -0.213225754817 -0.000621073386198 0.00324351721902 0.223341930036 1 1 1 1 1 1 1 1 1 1 1 1 1 1 1
458 5496 -0.212278930725 -0.00625444293758 0.00199617651891 0.228170511259 1 1 1 1 1 1 1 1 1 1 1 1 1 1 1
459 5508 -0.22539232772 -0.000694989578713 0.000563489911575 0.226497868325 1 1 1 1 1 1 1 1 1 1 1 1 1 1 1
460 5520 -0.230307326736 -6.84359471726e-05 0.00018803238729 0.22812089044 1 1 1 1 1 1 1 1 1 1 1 1 1 1 1
461 5532 -0.216508276379 -0.00222964961032 0.000854891209301 0.214756237825 1 1 1 1 1 1 1 1 1 1 1 1 1 1 1
462 5544 -0.210585526363 -0.00127085917121 0.00553184345349 0.229927784936 1 1 1 1 1 1 1 1 1 1 1 1 1 1 1
463 5556 -0.208324891439 -0.000154106276813 0.000285139374304 0.218887820221 1 1 1 1 1 1 1 1 1 1 1 1 1 1 1
464 5568 -0.200552027053 -0.000181535459966 0.00142769233484 0.222208155683 1 1 1 1 1 1 1 1 1 1 1 1 1 1 1
465 5580 -0.216459473297 -0.000209208854573 0.00351644849765 0.222297241792 1 1 1 1 1 1 1 1 1 1 1 1 1 1 1
466 5592 -0.235193480077 -0.0039113958962 0.00216221232601 0.21870666047 1 1 1 1 1 1 1 1 1 1 1 1 1 1 1
467 5604 -0.239822154932 -0.00185900398697 0.00407623927717 0.212994585961 1 1 1 1 1 1 1 1 1 1 1 1 1 1 1
468 5616 -0.233101778276 -0.0017001420738 0.000374149102754 0.207894933562 1 1 1 1 1 1 1 1 1 1 1 1 1 1 1
469 5628 -0.237290250645 -0.000790385399942 0.00587559685041 0.202290794096 1 1 1 1 1 1 1 1 1 1 1 1 1 1 1
470 5640 -0.24605432432 -0.000940619777004 0.00278400170072 0.194696033909 1 1 1 1 1 1 1 1 1 1 1 1 1 1 1
471 5652 -0.274828599492 -0.00700689726759 0.00739663336591 0.178151391228 1 1 1 1 1 1 1 1 1 1 1 1 1 1 1
472 5664 -0.269429128985 -0.00110581877493 0.0033293295672 0.183467963382 1 1 1 1 1 1 1 1 1 1 1 1 1 1 1
473 5676 -0.253603585916 -0.00363264469311 0.00212310926395 0.174661400529 1 1 1 1 1 1 1 1 1 1 1 1 1 1 1
474 5688 -0.250856686938 -0.00331768207988 0.00269459907175 0.180714685157 1 1 1 1 1 1 1 1 1 1 1 1 1 1 1
475 5700 -0.234998263745 -0.000299700849455 0.00586309891491 0.185082125331 1 1 1 1 1 1 1 1 1 1 1 1 1 1 1
476 5712 -0.228509912963 -0.00184160750737 0.00024218653502 0.180273643874 1 1 1 1 1 1 1 1 1 1 1 1 1 1 1
477 5724 -0.249140220743 -0.00487489563809 0.000641422619298 0.187664145149 1 1 1 1 1 1 1 1 1 1 1 1 1 1 1
478 5736 -0.26958410465 -0.000661719890945 0.00484522095629 0.184151430801 1 1 1 1 1 1 1 1 1 1 1 1 1 1 1
479 5748 -0.27259201213 -0.00097077786871 0.00369393677403 0.184379174134 1 1 1 1 1 1 1 1 1 1 1 1 1 1 1
480 5760 -0.279338998435 -0.00461946538673 0.00268355021788 0.183639857034 1 1 1 1 1 1 1 1 1 1 1 1 1 1 1
481 5772 -0.278642745964 -0.000600763825212 0.000652533203393 0.178581639144 1 1 1 1 1 1 1 1 1 1 1 1 1 1 1
482 5784 -0.273194969795 -0.00700243776465 0.000655914192488 0.184614291017 1 1 1 1 1 1 1 1 1 1 1 1 1 1 1
483 5796 -0.28122916444 -0.00637486789666 0.00286057101079 0.195370092481 1 1 1 1 1 1 1 1 1 1 1 1 1 1 1
484 5808 -0.278064047721 -0.0030315043264 0.00160359786758 0.211180969452 1 1 1 1 1 1 1 1 1 1 1 1 1 1 1
485 5820 -0.279729603044 -0.00162921888063 0.000599581492084 0.234358409553 1 1 1 1 1 1 1 1 1 1 1 1 1 1 1
486 5832 -0.2879951114 -0.00282660460704 0.00265503850588 0.212909894377 1 1 1 1 1 1 1 1 1 1 1 1 1 1 1
487 5844 -0.278177652265 -0.00140249730779 0.00110177394593 0.211421433743 1 1 1 1 1 1 1 1 1 1 1 1 1 1 1
488 5856 -0.278298463296 -0.00627130075877 0.00296518177186 0.211569990685 1 1 1 1 1 1 1 1 1 1 1 1 1 1 1
489 5868 -0.281908867659 -0.00284367682186 0.000112172516484 0.18415083141 1 1 1 1 1 1 1 1 1 1 1 1 1 1 1
490 5880 -0.286813790728 -0.00144596756889 0.00156842690048 0.178490404751 1 1 1 1 1 1 1 1 1 1 1 1 1 1 1
491 5892 -0.284323749741 -0.00217203475122 0.00448393234485 0.182427916225 1 1 1 1 1 1 1 1 1 1 1 1 1 1 1
492 5904 -0.267446618055 -0.00209092052782 0.00184403432912 0.197823743158 1 1 1 1 1 1 1 1 1 1 1 1 1 1 1
493 5916 -0.245484984627 -0.0023034185495 0.000127862312146 0.184989970507 1 1 1 1 1 1 1 1 1 1 1 1 1 1 1
494 5928 -0.222141493472 -0.00133448231237 0.0028749203387 0.202810582401 1 1 1 1 1 1 1 1 1 1 1 1 1 1 1
495 5940 -0.219636696688 -0.011352169874 0.00306888383817 0.191703559422 1 1 1 1 1 1 1 1 1 1 1 1 1 1 1
496 5952 -0.23692094364 -0.00256125829196 0.00153856555419 0.194294391544 1 1 1 1 1 1 1 1 1 1 1 1 1 1 1
497 5964 -0.250100292441 -0.000104706433141 0.000295163909309 0.195227982545 1 1 1 1 1 1 1 1 1 1 1 1 1 1 1
498 5976 -0.249490368517 -0.00121852873398 0.000202358825505 0.193680680353 1 1 1 1 1 1 1 1 1 1 1 1 1 1 1
499 5988 -0.260868988616 -0.00111466023219 0.00120536884294 0.18147271603 1 1 1 1 1 1 1 1 1 1 1 1 1 1 1
500 6000 -0.265529244877 -0.00195269758654 0.00289971123785 0.181326623938 1 1 1 1 1 1 1 1 1 1 1 1 1 1 1
501 6012 -0.251816852616 -0.000433902669615 0.000507948011508 0.169578274711 1 1 1 1 1 1 1 1 1 1 1 1 1 1 1
502 6024 -0.235512278644 -0.000187131930395 3.56353452917e-05 0.168376072247 1 1 1 1 1 1 1 1 1 1 1 1 1 1 1
503 6036 -0.23964485783 -0.000675123192194 0.00342315229858 0.177677727142 1 1 1 1 1 1 1 1 1 1 1 1 1 1 1
504 6048 -0.252237005208 -0.00565192657356 0.00390548911038 0.174765580697 1 1 1 1 1 1 1 1 1 1 1 1 1 1 1
505 6060 -0.236335185466 -0.00512818135152 0.00269446583472 0.185330298207 1 1 1 1 1 1 1 1 1 1 1 1 1 1 1
506 6072 -0.230278495388 -0.00899333779002 0.00235442251803 0.192730944277 1 1 1 1 1 1 1 1 1 1 1 1 1 1 1
507 6084 -0.231901159916 -0.00977630359178 0.00176833783486 0.200347881397 1 1 1 1 1 1 1 1 1 1 1 1 1 1 1
508 6096 -0.212147516141 -0.000265751916006 0.00555534957723 0.17995531995 1 1 1 1 1 1 1 1 1 1 1 1 1 1 1
509 6108 -0.218501021178 -0.00469088268714 0.00800400604858 0.176015914108 1 1 1 1 1 1 1 1 1 1 1 1 1 1 1
510 6120 -0.218815286235 -0.00431097433737 0.000721246175344 0.192576487958 1 1 1 1 1 1 1 1 1 1 1 1 1 1 1
511 6132 -0.213600356778 -0.00721560106909 0.00277397712197 0.192954848526 1 1 1 1 1 1 1 1 1 1 1 1 1 1 1
512 6144 -0.205269201833 -0.0018325042436 0.00386876203668 0.206364920055 1 1 1 1 1 1 1 1 1 1 1 1 1 1 1
513 6156 -0.199780891387 -0.0047389006344 0.000302719348801 0.217504067934 1 1 1 1 1 1 1 1 1 1 1 1 1 1 1
514 6168 -0.202705810145 -7.97088735164e-05 0.00385318820645 0.229062545621 1 1 1 1 1 1 1 1 1 1 1 1 1 1 1
515 6180 -0.213782352393 -0.000230818596176 0.00134677896035 0.23690656307 1 1 1 1 1 1 1 1 1 1 1 1 1 1 1
516 6192 -0.200923759711 -0.00374878181916 4.41209303553e-05 0.233182820879 1 1 1 1 1 1 1 1 1 1 1 1 1 1 1
517 6204 -0.217312739657 -0.00322193550828 0.00930319289344 0.227815633533 1 1 1 1 1 1 1 1 1 1 1 1 1 1 1
518 6216 -0.219428994289 -0.000757641631027 0.00235549282695 0.229319009073 1 1 1 1 1 1 1 1 1 1 1 1 1 1 1
519 6228 -0.211776056851 -0.00140055615146 0.00229431038097 0.231743174169 1 1 1 1 1 1 1 1 1 1 1 1 1 1 1
520 6240 -0.197254433403 -0.00230548492243 0.00517906050704 0.228878502122 1 1 1 1 1 1 1 1 1 1 1 1 1 1 1
521 6252 -0.196174602732 -0.0020264581495 0.00168076116283 0.214822630327 1 1 1 1 1 1 1 1 1 1 1 1 1 1 1
522 6264 -0.192958290893 -0.00104105914614 0.000645968908216 0.203459510048 1 1 1 1 1 1 1 1 1 1 1 1 1 1 1
523 6276 -0.20558114118 -0.000676447088256 0.000291136641654 0.197369917465 1 1 1 1 1 1 1 1 1 1 1 1 1 1 1
524 6288 -0.193317184758 -0.00146383166675 0.00401330706205 0.199565752795 1 1 1 1 1 1 1 1 1 1 1 1 1 1 1
525 6300 -0.214880939192 -0.00964109266229 0.00112891873927 0.188339884209 1 1 1 1 1 1 1 1 1 1 1 1 1 1 1
525 6300 -0.214880939192 -0.00964109266229 0.00112891873927 0.188339884209 1 1 1 1 1 1 1 1 1 1 1 1 1 1 1
